"Frame.","Time","Perspiration"
0,0,0.00581410741583783
1,0.127614006400108,0.00579975520740456
2,0.261978507041931,0.0057846877501593
3,0.397343307733536,0.00576885410053669
4,0.526691794395447,0.00575220377154551
5,0.66206020116806,0.00573468841748759
6,0.797423601150513,0.00571626376025859
7,0.930781602859497,0.00569689170163409
8,1.07116425037384,0.0056765425480369
9,1.19750308990479,0.0056551972576971
10,1.32785356044769,0.00563284960556913
11,1.46587979793549,0.00560950815002211
12,1.59823644161224,0.00558519787892935
13,1.72759580612183,0.00555996141354423
14,1.87866044044495,0.00553385965861997
16,1.9979852437973,0.00550697180802216
17,2.12907242774963,0.00547939464655378
18,2.2674515247345,0.00545124112892828
19,2.39780354499817,0.0054226382619942
20,2.53391551971436,0.00539372436135824
22,2.66226959228516,0.00536464579312027
23,2.79663157463074,0.005335553341031
24,2.9289870262146,0.00530659835634793
25,3.0703706741333,0.00527792885163837
26,3.19771265983582,0.00524968569258264
27,3.33006906509399,0.00522199902678813
28,3.46400713920593,0.00519498506954323
29,3.60037302970886,0.00516874334658615
30,3.7287175655365,0.00514335447530574
31,3.86306023597717,0.0051188785487224
32,3.99942851066589,0.00509535417014746
33,4.1337890625,0.00507279816886754
34,4.26390314102173,0.00505120600685497
35,4.39826726913452,0.00503055286242755
36,4.53162479400635,0.00501079534925501
38,4.67400979995728,0.00499187379975911
39,4.80736827850342,0.00497371501349717
41,4.95526742935181,0.00495623534685015
43,5.06506156921387,0.00493934400346745
44,5.19942378997803,0.00492294637792894
45,5.33143472671509,0.00490694730921856
46,5.46591472625732,0.00489125411561779
47,5.60144138336182,0.00487577930681732
48,5.740394115448,0.00486044289952667
49,5.86774396896362,0.00484517429605574
50,5.999098777771,0.0048299137175404
51,6.13335227966309,0.00481461321138914
52,6.26537561416626,0.00479923727368903
53,6.40149211883545,0.00478376314036873
54,6.53284502029419,0.00476818080567566
55,6.66621732711792,0.00475249282383027
56,6.79944276809692,0.00473671394122788
57,6.93272924423218,0.00472087059442577
58,7.06762933731079,0.00470500029571471
59,7.20016002655029,0.00468915091554116
60,7.33351850509644,0.00467337986125327
61,7.46838140487671,0.00465775314586037
62,7.6032452583313,0.00464234433931117
64,7.74527788162231,0.00462723339808581
65,7.7492880821228,0.00461250537587704
66,7.8681116104126,0.00459824902750392
67,8.00096988677979,0.00458455532835596
68,8.14287281036377,0.00457151594097591
69,8.26972007751465,0.00455922166746747
70,8.40899085998535,0.00454776093034277
71,8.54515552520752,0.00453721832488548
72,8.67947769165039,0.00452767328338139
73,8.80263805389404,0.00451919888641236
74,8.93497371673584,0.00451186084981802
75,9.07157421112061,0.00450571670887403
76,9.20207500457764,0.00450081521442877
77,9.34332275390625,0.00449719594949034
78,9.47815036773682,0.00449488916895519
79,9.48917865753174,0.00449391585940266
80,9.60549449920654,0.00449428800962779
81,9.74411869049072,0.00449600907545928
82,9.87798690795898,0.00449907461435581
83,10.0223608016968,0.00450347305668997
84,10.1383438110352,0.00450918657236959
85,10.159405708313,0.00451619198470204
86,10.2755641937256,0.0045244616794905
87,10.4149389266968,0.00453396445741966
88,10.5440940856934,0.00454466628256883
89,10.6758127212524,0.00455653088946479
90,10.8121795654297,0.00456952022478411
91,10.9474830627441,0.00458359471624811
92,11.0818538665771,0.00459871337849626
93,11.2059412002563,0.00461483378160008
94,11.3423099517822,0.00463191192031188
95,11.4826936721802,0.00464990202949188
97,11.6040201187134,0.00466875639249037
98,11.7383813858032,0.00468842518450458
99,11.8772573471069,0.00470885638288706
100,12.0201425552368,0.00472999576262564
101,12.1380167007446,0.00475178697986265
102,12.2758884429932,0.00477417173173717
103,12.4087467193604,0.00479708996928035
104,12.5397205352783,0.00482048013336321
105,12.678955078125,0.00484427938279029
106,12.8062992095947,0.00486842378852871
107,12.9392194747925,0.00489284847764666
108,13.0756607055664,0.00491748772274791
109,13.2063188552856,0.00494227498489123
110,13.3537139892578,0.0049671429275056
111,13.4850692749023,0.00499202342355733
112,13.6094045639038,0.00501684757719669
113,13.7447690963745,0.00504154577469341
114,13.8761234283447,0.00506604776938428
115,14.0074787139893,0.0050902827942759
116,14.1458501815796,0.00511417968686468
117,14.1548748016357,0.00513766700626012
118,14.2813920974731,0.00516067312443411
119,14.4119834899902,0.00518312628163935
120,14.5473489761353,0.00520495460964698
121,14.6777086257935,0.00522608614325963
122,14.8097152709961,0.00524644885773668
123,14.9440765380859,0.00526597078436971
124,15.078441619873,0.00528458026582292
125,15.2138071060181,0.0053022064149686
126,15.3491716384888,0.00531877983453513
127,15.475513458252,0.00533423363952257
128,15.6104459762573,0.00534850480048554
129,15.74680519104,0.00536153579481137
130,15.8807067871094,0.00537327651736286
131,16.0101757049561,0.00538368636456866
132,16.1472015380859,0.00539273637126083
133,16.2800598144531,0.00540041125173871
136,16.4099140167236,0.00540671118001819
137,16.5529861450195,0.00541165314253759
138,16.6788921356201,0.00541527171175899
139,16.82004737854,0.00541761912109175
140,16.8260650634766,0.00541876456803527
141,16.9524059295654,0.00541879272890617
142,17.0846157073975,0.00541780152891847
143,17.2109565734863,0.00541589926896474
144,17.3483257293701,0.00541320125878533
145,17.4776763916016,0.00540982614021275
146,17.6109619140625,0.00540589210080062
147,17.7703895568848,0.00540151317676962
150,17.8801898956299,0.00539679582656288
151,18.0115814208984,0.00539183592604188
152,18.1470012664795,0.00538671629828889
153,18.2785530090332,0.00538150485024847
154,18.422342300415,0.00537625334966401
155,18.5607147216797,0.00537099684240359
157,18.6808948516846,0.00536575368423086
158,18.8198890686035,0.00536052614264651
159,18.9507751464844,0.00535530151249964
160,19.0807228088379,0.00535005368162106
161,19.2185935974121,0.00534474507742147
162,19.3465480804443,0.00533932892018841
163,19.4808673858643,0.00533375170247702
164,19.6132278442383,0.00532795580639615
165,19.7556095123291,0.00532188216275218
166,19.884464263916,0.00531547284982323
167,20.0128421783447,0.00530867352732037
168,20.1493358612061,0.00530143560502129
169,20.286714553833,0.00529371805710181
170,20.415060043335,0.00528548881268302
171,20.5484199523926,0.00527672567959938
172,20.6822834014893,0.00526741678971422
173,20.8130226135254,0.00525756058722599
174,20.947135925293,0.00524716541288897
175,21.0825042724609,0.00523624876360085
176,21.214412689209,0.00522483632563309
177,21.35205078125,0.00521296088900945
178,21.4924335479736,0.00520066124930962
179,21.6222858428955,0.00518798119166704
180,21.7492218017578,0.00517496863111691
181,21.8849506378174,0.00516167495579255
182,22.0155372619629,0.00514815458757369
183,22.1474018096924,0.00513446474202117
184,22.2937965393066,0.00512066533941971
185,22.4224681854248,0.00510681899501901
186,22.5618553161621,0.00509299100207031
187,22.6881790161133,0.00507924921793478
188,22.8219108581543,0.00506566377192835
189,22.9522647857666,0.00505230653265061
190,23.0844955444336,0.00503925029985567
191,23.2324066162109,0.00502656771792057
192,23.353328704834,0.0050143299406088
193,23.4853687286377,0.0050026051062047
194,23.6192302703857,0.00499145670500346
195,23.749324798584,0.00498094193545992
196,23.8907051086426,0.00497111015013358
197,24.0290775299072,0.00496200148818407
198,24.0431156158447,0.00495364577876312
199,24.1514072418213,0.00494606178104447
200,24.2837619781494,0.00493925680400272
201,24.4171257019043,0.00493322672466757
202,24.5534992218018,0.00492795639962603
203,24.6848526000977,0.00492342044297296
204,24.8181648254395,0.00491958432630147
205,24.9565353393555,0.00491640574377126
206,25.0888919830322,0.00491383617828684
207,25.2180671691895,0.00491182260320171
208,25.357629776001,0.00491030925695788
209,25.494140625,0.0049092394344024
210,25.6189785003662,0.00490855724664779
211,25.7524032592773,0.0049082093097104
212,25.8852596282959,0.00490814632945348
213,26.0186309814453,0.00490832455568775
214,26.1520938873291,0.0049087070812491
215,26.2859535217285,0.00490926496258144
216,26.4193153381348,0.00490997813732318
217,26.5526733398438,0.00491083611246161
218,26.6860313415527,0.0049118383948221
219,26.8203983306885,0.00491299463512299
220,26.9527320861816,0.00491432445863561
221,27.0901031494141,0.00491585696051856
222,27.2244682312012,0.00491762985265597
223,27.3529739379883,0.00491968826131964
224,27.4954109191895,0.00492208319061167
225,27.6208209991455,0.0049248696843003
226,27.7640342712402,0.00492810473680475
227,27.77907371521,0.00493184502101032
228,27.896390914917,0.00493614451467693
229,28.0237331390381,0.00494105211712294
230,28.1540832519531,0.00494660935275947
231,28.2966632843018,0.00495284825756616
232,28.4225025177002,0.00495978953886543
233,28.5537204742432,0.00496744108828175
234,28.6886558532715,0.00497579691334708
235,28.8216896057129,0.00498483653577405
236,28.9560508728027,0.00499452488498223
237,29.092960357666,0.00500481269507508
238,29.2219734191895,0.00501563739317355
239,29.355281829834,0.00502692444783876
240,29.4892711639404,0.00503858912921785
241,29.626371383667,0.00505053861833987
242,29.7562961578369,0.0050626743922559
243,29.902322769165,0.00507489480471747
244,30.0233268737793,0.00508709777870914
245,30.1562786102295,0.00509918352693973
246,30.3031749725342,0.00511105721866476
247,30.3111972808838,0.00512263151521373
248,30.4319229125977,0.0051338289017034
249,30.5569095611572,0.00514458374825414
250,30.6978321075439,0.00515484404049462
251,30.8243598937988,0.00516457272635128
252,30.9574069976807,0.0051737486342537
253,31.1023254394531,0.00518236692706061
254,31.2241554260254,0.00519043906620402
255,31.3642520904541,0.0051979922716471
256,31.4911594390869,0.00520506847516173
257,31.6289558410645,0.00521172277722875
258,31.7582988739014,0.0052180214318491
259,31.8912658691406,0.00522403939919644
260,32.0246276855469,0.00522985752374684
261,32.1645851135254,0.00523555941531578
262,32.301456451416,0.00524122813163752
263,32.4252891540527,0.00524694278216109
264,32.5583572387695,0.0052527751911593
265,32.6924171447754,0.00525878677102367
266,32.8307418823242,0.00526502576065473
267,32.960090637207,0.00527152497665244
268,33.0919990539551,0.00527830020527532
269,33.2298469543457,0.00528534933125222
270,33.3637199401855,0.00529265225769669
271,33.4933738708496,0.00530017162340664
272,33.6352043151855,0.00530785427461044
273,33.7665557861328,0.00531563340291373
275,33.8937034606934,0.00532343122441678
276,34.0330810546875,0.00533116205001868
277,34.0441131591797,0.00533873558534271
278,34.1612701416016,0.00534606030016578
279,34.1743049621582,0.00535304671974247
280,34.2942657470703,0.00535961051090577
282,34.4284553527832,0.00536567526079747
283,34.5608139038086,0.00537117487223818
284,34.7038497924805,0.00537605552449996
286,34.8331985473633,0.00538027716995597
287,34.9611892700195,0.00538381455507357
288,35.0983695983887,0.00538665776859454
289,35.229606628418,0.00538881233111469
290,35.3615798950195,0.00539029884945215
291,35.4979476928711,0.00539115226696604
292,35.6293029785156,0.00539142074794602
293,35.7634887695312,0.00539116424065482
294,35.9015731811523,0.00539045276959366
295,36.0299224853516,0.00538936451284497
296,36.1612777709961,0.00538798372452818
297,36.3047561645508,0.00538639856501554
298,36.4301986694336,0.00538469890218562
299,36.5635604858398,0.00538297414538793
301,36.830940246582,0.00538131116992392
302,36.9628601074219,0.00537979238391741
303,37.1002311706543,0.00537849398183255
304,37.2295837402344,0.00537748442006789
305,37.3636322021484,0.00537682314046216
306,37.5008392333984,0.00537655955754689
307,37.631950378418,0.00537673231520879
308,37.7649917602539,0.00537736880823567
309,37.9013557434082,0.00537848495418553
310,38.0315284729004,0.00538008519144374
311,38.1648864746094,0.00538216267075867
312,38.3010330200195,0.00538469960077737
313,38.4313888549805,0.00538766770414782
314,38.5645790100098,0.00539102874064484
315,38.7039527893066,0.00539473505832632
316,38.833309173584,0.00539873014324909
317,38.9653091430664,0.00540294915237085
318,39.1012229919434,0.00540731943171051
319,39.2446098327637,0.00541176104062921
321,39.3659362792969,0.00541618732063889
322,39.5008964538574,0.00542050556060141
323,39.6322250366211,0.0054246178168575
324,39.7701873779297,0.00542842194462822
325,39.9015426635742,0.0054318128848734
326,40.0316200256348,0.00543468422891875
327,40.1697883605957,0.00543693005331108
328,40.3007125854492,0.00543844698269282
329,40.4330673217773,0.00543913640325961
330,40.5702362060547,0.00543890671834424
331,40.701587677002,0.00543767551538897
332,40.8332557678223,0.0054353715035492
333,40.9766120910645,0.00543193608532579
334,41.1015968322754,0.00542732444392648
335,41.234977722168,0.00542150605862042
336,41.3730506896973,0.00541446459981837
337,41.5031776428223,0.00540619719980361
338,41.6345329284668,0.00539671313963399
339,41.7735176086426,0.00538603203385951
340,41.903865814209,0.00537418162928939
341,42.0362243652344,0.00536119535996721
342,42.1722030639648,0.00534710981650084
343,42.3035583496094,0.005331962293365
344,42.434684753418,0.00531578857269014
345,42.5726699829102,0.00529862108775212
346,42.7030181884766,0.00528048758469782
347,42.8350830078125,0.00526141036830299
348,42.9724502563477,0.00524140617865417
349,43.1038017272949,0.00522048670305749
350,43.2363014221191,0.00519865968418874
351,43.3701591491699,0.00517593054479072
352,43.5085334777832,0.00515230441436631
353,43.6358985900879,0.00512778841718933
354,43.768253326416,0.00510239406568049
355,43.9046211242676,0.00507613959982056
356,44.044002532959,0.00504905212161973
357,44.1703414916992,0.00502116939235625
358,44.3103675842285,0.00499254118700796
359,44.4577674865723,0.00496323013212741
361,44.5787887573242,0.0049333119873426
362,44.705696105957,0.00490287536398242
363,44.8360595703125,0.00487202090486684
364,44.9703712463379,0.00484085997555082
365,45.1047325134277,0.00480951293832114
366,45.2406311035156,0.00477810709549172
367,45.372486114502,0.00474677439777528
368,45.5048408508301,0.00471564901668956
369,45.6397705078125,0.00468486487728145
370,45.7737998962402,0.0046545532394445
371,45.9081573486328,0.00462484040368579
372,46.0385131835938,0.00459584560171245
374,46.1735420227051,0.00456767911533384
375,46.3038940429688,0.00454044065075763
376,46.4400291442871,0.0045142179811555
377,46.5812110900879,0.00448908585981793
378,46.7061653137207,0.0044651052001688
379,46.8385276794434,0.00444232251751717
380,46.9805717468262,0.00442076963004977
381,47.1059112548828,0.00440046362186136
382,47.2403793334961,0.00438140707688613
383,47.3797760009766,0.00436358859727708
384,47.5136375427246,0.00434698362101731
385,47.6389808654785,0.00433155554971587
386,47.7738952636719,0.00431725718777168
387,47.9068260192871,0.00430403247846285
388,48.0523872375488,0.00429181850213068
390,48.1757202148438,0.00428054767849787
391,48.3067398071289,0.00427015009201642
392,48.4406356811523,0.00426055583908369
393,48.590518951416,0.00425169728207435
394,48.7118721008301,0.00424351109004409
395,48.842227935791,0.00423593995145089
396,48.9755859375,0.00422893386091755
397,49.1079406738281,0.00422245090916033
398,49.2420120239258,0.00421645754057983
399,49.3803863525391,0.00421092828330893
400,49.5097351074219,0.00420584499760211
401,49.6419486999512,0.00420119572595902
402,49.776309967041,0.00419697325829936
403,49.914680480957,0.00419317354477092
404,50.0420417785645,0.00418979409562294
405,50.1764068603516,0.00418683250174051
406,50.3187866210938,0.00418428519205675
407,50.4491767883301,0.00418214651743226
408,50.5765151977539,0.00418040821778794
409,50.7098731994629,0.00417905929373536
410,50.8432350158691,0.00417808626908976
411,50.9875221252441,0.00417747379955727
412,51.1118583679199,0.00417720555804865
413,51.2459411621094,0.00417726531018879
414,51.3759078979492,0.00417763808546122
415,51.5139198303223,0.004178311349888
416,51.6443634033203,0.00417927609412839
417,51.7787971496582,0.0041805277645558
418,51.9146614074707,0.00418206698191963
419,52.0460166931152,0.00418390001014636
420,52.1819953918457,0.00418603895445062
421,52.313346862793,0.0041885016815773
422,52.4463653564453,0.00419131146488729
423,52.5782470703125,0.00419449636327174
424,52.7161178588867,0.00419808834649064
425,52.8460922241211,0.0042021221819774
426,52.9784507751465,0.00420663410107272
428,53.2477912902832,0.00421166026742279
429,53.3801498413086,0.00421723507767316
430,53.5145111083984,0.00422338933459901
431,53.6472778320312,0.00423014834463845
432,53.7801361083984,0.00423753000402082
433,53.91650390625,0.00424554294856843
434,54.0470962524414,0.00425418485007433
435,54.1889801025391,0.00426344094554397
437,54.3163223266602,0.00427328288373068
438,54.4497413635254,0.00428366796616555
439,54.5805931091309,0.00429453884777305
440,54.7239875793457,0.00430582374610022
442,54.8478813171387,0.00431743718926174
443,54.9812431335449,0.00432928131190085
444,55.1166114807129,0.00434124768647591
445,55.2469635009766,0.0043532196543458
446,55.3813285827637,0.00436507509757051
447,55.5162658691406,0.00437668956823746
448,55.6492881774902,0.00438793966802946
449,55.7826461791992,0.00439870654788894
450,55.917667388916,0.00440887937802453
451,56.0501251220703,0.00441835862483544
453,56.1859931945801,0.00442705896658166
454,56.3172378540039,0.00443491168649955
455,56.4495964050293,0.00444186640230982
456,56.5839576721191,0.00444789202491871
457,56.7199935913086,0.00445297688493769
458,56.8491134643555,0.00445712801993415
459,56.9884948730469,0.00446036967306538
460,57.122688293457,0.00446274110911153
461,57.2495346069336,0.00446429390113097
462,57.3859634399414,0.00446508887514437
463,57.5178184509277,0.00446519291815767
464,57.6619110107422,0.0044646758552151
465,57.7842407226562,0.00446360758484491
466,57.9162521362305,0.00446205563182193
467,58.0583152770996,0.0044600832354814
468,58.1883430480957,0.00445774804537417
469,58.319694519043,0.00445510144834867
470,58.4515495300293,0.00445218850615507
471,58.593433380127,0.0044490484434809
472,58.7187690734863,0.00444571559498462
473,58.8539123535156,0.00444222069739066
474,58.9892768859863,0.00443859239916396
475,59.1281661987305,0.00443485885518317
476,59.144214630127,0.00443104927632746
478,59.2570152282715,0.00442719531304185
479,59.392822265625,0.00442333216687864
480,59.5186882019043,0.00441949934397253
481,59.6635780334473,0.00441574098866364
483,59.7904777526855,0.00441210576317075
484,59.9238471984863,0.00440864626914954
485,60.0521965026855,0.00440541803752371
486,60.1885261535645,0.0044024781421074
487,60.3198738098145,0.00439988351795975
488,60.4537353515625,0.00439768908491899
489,60.5922698974609,0.00439594578860873
490,60.7212524414062,0.00439469867446062
491,60.8541679382324,0.00439398510504868
492,60.9885330200195,0.00439383321840648
493,61.1267547607422,0.00439426070694169
494,61.258243560791,0.00439527397544754
495,61.3890991210938,0.0043968677148781
496,61.520450592041,0.00439902490788653
497,61.6628570556641,0.00440171726376569
499,61.7897338867188,0.00440490606470461
500,61.9286079406738,0.00440854339182152
501,62.061466217041,0.0044125736874973
502,62.1881523132324,0.00441693559932036
503,62.3205070495605,0.00442156403997778
504,62.4586372375488,0.00442639238674071
505,62.5876693725586,0.00443135473447237
506,62.7210273742676,0.00443638810855722
507,62.8556213378906,0.00444143454035063
508,62.9890060424805,0.00444644290921063
509,63.1216087341309,0.00445137046304384
510,63.2629890441895,0.00445618394399938
511,63.3883285522461,0.00446086026694108
512,63.5215187072754,0.00446538672407703
513,63.6558799743652,0.00446976071724139
514,63.788948059082,0.00447398904696368
515,63.9218902587891,0.00447808681183552
516,64.0562515258789,0.00448207599058892
517,64.1901473999023,0.00448598379151151
518,64.3240051269531,0.00448984085926114
519,64.4660797119141,0.00449367942874091
520,64.590202331543,0.00449753151103361
521,64.7235641479492,0.0045014271891832
522,64.8629379272461,0.004505393093204
524,64.991096496582,0.00450945111473969
525,65.1234512329102,0.00451361741211629
526,65.2579879760742,0.00451790174530208
527,65.3965225219727,0.00452230716637315
528,65.5248718261719,0.00452683007353829
529,65.6628952026367,0.00453146061532298
531,65.7959671020508,0.00453618340690093
532,65.9253234863281,0.00454097849472408
533,66.0591812133789,0.00454582248152681
534,66.1920471191406,0.00455068970511064
535,66.3254089355469,0.00455555335472458
536,66.457763671875,0.00456038641129555
537,66.5927047729492,0.00456516231375289
538,66.7300720214844,0.00456985528278846
539,66.8659362792969,0.00457444027301548
540,66.9927825927734,0.0045788925701308
542,67.1287002563477,0.00458318709555154
543,67.2675704956055,0.00458729752091947
544,67.392204284668,0.00459119532333116
545,67.5263519287109,0.0045948489252147
546,67.6612091064453,0.00459822305869121
547,67.7930679321289,0.00460127847369481
548,67.9269485473633,0.00460397207493223
549,68.0627365112305,0.00460625752940648
550,68.1938705444336,0.00460808633900432
551,68.3272323608398,0.00460940932687051
552,68.4741287231445,0.00461017844662172
553,68.6019744873047,0.00461034879344774
554,68.7273101806641,0.00460988067807118
555,68.8737030029297,0.00460874161937953
556,68.881721496582,0.0046069081191521
557,69.0040512084961,0.00460436710153873
558,69.1324005126953,0.0046011169288073
559,69.2627487182617,0.00459716794059861
560,69.4048004150391,0.00459254250309917
561,69.5301361083984,0.00458727459331647
562,69.6634979248047,0.00458140897806221
563,69.8014678955078,0.00457500007372204
564,69.929817199707,0.00456811058868215
565,70.0636749267578,0.00456081005397364
566,70.2045593261719,0.00455317333944144
567,70.3329086303711,0.00454527923429558
568,70.4638824462891,0.00453720914533721
569,70.6052703857422,0.00452904593740297
571,70.7376251220703,0.00452087291281553
572,70.748649597168,0.00451277290367395
573,70.8629608154297,0.0045048274355738
574,70.9968109130859,0.00449711591546573
575,71.1381912231445,0.00448971480007672
576,71.2640609741211,0.00448269671350791
577,71.3979034423828,0.00447612950105215
579,71.6643295288086,0.00447007522798725
580,71.7980499267578,0.00446458915388902
581,71.9314041137695,0.00445971873187478
582,72.0647659301758,0.00445550269573856
584,72.1971282958984,0.00445197030463649
585,72.3402328491211,0.00444914081423576
586,72.4654083251953,0.00444702323533987
587,72.6018218994141,0.00444561642691993
588,72.7419586181641,0.00444490955161778
589,72.8687515258789,0.00444488289973281
590,73.0046157836914,0.00444550906405415
591,73.1319580078125,0.00444675442417157
592,73.2650146484375,0.00444858087653144
593,73.4114303588867,0.004450947726909
594,73.5404663085938,0.00445381364656358
595,73.6668090820312,0.00445713858352698
596,73.8048782348633,0.004460885517514
597,73.9332275390625,0.00446502195177753
598,74.075553894043,0.00446952104825661
599,74.2046661376953,0.00447436233324594
600,74.3367767333984,0.00447953192839125
601,74.477653503418,0.00448502229413386
602,74.6055526733398,0.00449083150721772
603,74.7342758178711,0.00449696212759439
604,74.8657684326172,0.00450341974003573
605,75.0059967041016,0.00451021127927601
606,75.1439590454102,0.00451734326239725
607,75.2679748535156,0.00452482005705823
608,75.4049377441406,0.00453264230858816
609,75.5368957519531,0.00454080563344518
610,75.6738204956055,0.00454929966256374
611,75.80517578125,0.00455810748800632
612,75.9371109008789,0.00456720553303584
614,76.0690155029297,0.00457656383248739
615,76.2083969116211,0.00458614668034249
616,76.3353500366211,0.00459591357745311
617,76.4704284667969,0.00460582039639696
618,76.6123046875,0.00461582067339581
619,76.7372741699219,0.00462586693887978
620,76.8766021728516,0.00463591200735665
621,77.0099639892578,0.00464591016166958
622,77.1368560791016,0.00465581818402078
623,77.2692108154297,0.00466559620386506
624,77.4131622314453,0.00467520834895078
625,77.5364074707031,0.004684623199141
626,77.6703491210938,0.00469381405272439
627,77.8077239990234,0.00470275902195942
628,77.8197555541992,0.0047114409792596
629,77.9370651245117,0.00471984737851812
630,78.0878448486328,0.00472796997822649
632,78.2112197875977,0.00473580449457423
633,78.3410720825195,0.00474335021359483
634,78.4744262695312,0.00475060959138022
635,78.6093521118164,0.00475758787010561
636,78.7377014160156,0.00476429273490305
637,78.8750686645508,0.00477073403254603
638,79.0049514770508,0.00477692356774978
639,79.1388092041016,0.00478287498709212
640,79.278190612793,0.00478860375455943
641,79.4115447998047,0.00479412721683487
642,79.5469131469727,0.00479946475078948
643,79.6782302856445,0.00480463798015756
644,79.80810546875,0.0048096710429585
645,79.9402160644531,0.00481459088583008
646,79.9502487182617,0.00481942755623385
647,80.0759201049805,0.00482421445891636
648,80.20654296875,0.00482898853973274
649,80.3391342163086,0.00483379035874473
650,80.4845275878906,0.00483866401612921
651,80.6087493896484,0.00484365689938057
652,80.7451095581055,0.00484881922870268
653,80.8774490356445,0.00485420338905743
654,81.0074615478516,0.00485986305130737
655,81.1398086547852,0.00486585210009781
656,81.2761840820312,0.00487222340112934
657,81.4165573120117,0.00487902745372401
658,81.5408935546875,0.0048863109846355
659,81.6762542724609,0.00489411554476042
660,81.8152236938477,0.0049024761711483
661,81.9525909423828,0.00491142017248332
663,81.9676284790039,0.0049209660876674
664,82.0769271850586,0.00493112285545454
665,82.2223663330078,0.00494188921978168
667,82.2343978881836,0.00495325338208675
668,82.3405075073242,0.00496519289987331
669,82.4766616821289,0.00497767482104914
670,82.6070175170898,0.00499065603661326
671,82.7409057617188,0.00500408383008819
672,82.8753967285156,0.00501789660029847
673,83.0117645263672,0.00503202473403962
674,83.1421127319336,0.00504639160610343
675,83.2774810791016,0.00506091468526848
677,83.4088363647461,0.00507550672555546
679,83.548225402832,0.00509007702176973
681,83.6811370849609,0.00510453270682489
682,83.8094863891602,0.00511878006556934
683,83.9427185058594,0.00513272583617802
684,84.0766143798828,0.00514627846630356
685,84.2101593017578,0.00515934928803202
686,84.3435211181641,0.00517185357425086
687,84.4764099121094,0.00518371144016766
688,84.61083984375,0.00519484855792703
689,84.7562408447266,0.00520519665961078
690,84.8768844604492,0.00521469381395424
691,85.0121536254883,0.00522328447410021
692,85.1435012817383,0.00523091930670826
693,85.2808456420898,0.00523755482583867
694,85.4103775024414,0.00524315286749433
695,85.5432205200195,0.00524767995197957
696,85.679084777832,0.00525110659087443
697,85.8120269775391,0.0052534066029479
698,85.9443817138672,0.00525455650807227
699,86.0775833129883,0.0052545350692145
700,86.2105255126953,0.0052533230487016
701,86.3568572998047,0.0052509032349923
702,86.5197219848633,0.00524726077924849
703,86.6287612915039,0.00524238385692146
704,86.754020690918,0.00523626463927618
705,86.8923873901367,0.00522890052552013
706,87.0121612548828,0.00522029555151549
707,87.1714706420898,0.00521046186040866
709,87.2787551879883,0.00519942109869196
710,87.4121170043945,0.00518720559247878
711,87.547477722168,0.00517385916600465
712,87.6808395385742,0.00515943748835017
713,87.8119125366211,0.00514400787342095
714,87.9540176391602,0.00512764850818457
715,88.0880966186523,0.00511044713899337
716,88.2144393920898,0.00509249929842277
717,88.3457946777344,0.00507390619843567
718,88.4806900024414,0.00505477244409995
719,88.6205673217773,0.00503520373199566
720,88.7589416503906,0.00501530468807564
721,88.7689666748047,0.00499517697317259
722,88.8859405517578,0.0049749177451184
723,89.0139083862305,0.00495461852075012
724,89.1488723754883,0.00493436443571071
725,89.2808227539062,0.0049142338611756
726,89.4222259521484,0.00489429830921518
727,89.5481338500977,0.00487462254503001
728,89.6821212768555,0.00485526482493435
729,89.8154830932617,0.0048362771916294
730,89.9488372802734,0.00481770577923658
731,90.0818710327148,0.00479959110511461
733,90.2160949707031,0.00478196834902545
734,90.349250793457,0.00476486763886885
735,90.4854431152344,0.00474831437337601
736,90.6218109130859,0.00473232961473028
737,90.7489852905273,0.00471693057837616
738,90.8823547363281,0.00470213123473334
739,91.0214767456055,0.00468794302036709
740,91.1518249511719,0.00467437563697752
741,91.2831573486328,0.00466143789800976
742,91.4235382080078,0.00464913856718779
743,91.549560546875,0.00463748712283527
744,91.6854934692383,0.00462649437785985
745,91.8168487548828,0.00461617288839981
746,91.9582290649414,0.0046065370942325
747,92.0951156616211,0.00459760315024466
748,92.1031341552734,0.00458938842910335
749,92.2207794189453,0.00458191069893165
750,92.3591537475586,0.00457518700439757
751,92.4894256591797,0.00456923230340909
752,92.6207809448242,0.00456405793305367
753,92.7521362304688,0.00455966999622601
754,92.8915100097656,0.00455606777339552
755,93.0205459594727,0.00455324227107533
756,93.1514663696289,0.00455117501874259
757,93.2858276367188,0.00454983721839262
759,93.4258117675781,0.00454918933517288
760,93.5621795654297,0.00454918119387643
762,93.6865158081055,0.0045497526155546
763,93.8319091796875,0.00455083459308492
764,93.9652633666992,0.00455235096691406
766,94.0865936279297,0.00455422052559691
767,94.2219619750977,0.00455635942353622
768,94.3620681762695,0.00455868378363458
769,94.4864044189453,0.00456111233796102
770,94.6254806518555,0.00456356895668527
771,94.7543487548828,0.00456598492500699
772,94.8932189941406,0.00456830084892781
773,95.021484375,0.0045704681015595
774,95.161865234375,0.00457244975921362
775,95.2952194213867,0.00457422101697354
776,95.4207000732422,0.00457576911266633
777,95.5535583496094,0.00457709282217769
778,95.7079696655273,0.00457820161463482
780,95.8212738037109,0.00457911457097602
781,95.9536361694336,0.00457985917302219
782,96.0930023193359,0.00458047006291556
783,96.2239456176758,0.00458098785644963
784,96.3553314208984,0.00458145807104087
785,96.4926986694336,0.00458193020308314
786,96.6280899047852,0.00458245696350484
787,96.7564315795898,0.00458309365757431
788,96.8927993774414,0.00458389767779548
789,97.0213394165039,0.00458492806859336
790,97.1569137573242,0.00458624511877763
791,97.292106628418,0.00458790994171086
792,97.4301834106445,0.00458998401192899
793,97.5665435791016,0.00459252863826684
794,97.6948928833008,0.00459560436479709
795,97.8247451782227,0.00459927029995532
796,97.9616165161133,0.0046035833797924
797,98.0959777832031,0.00460859757314031
798,98.2243194580078,0.00461436303542152
799,98.3566818237305,0.0046209252154666
800,98.493049621582,0.00462832391792844
801,98.6292953491211,0.00463659232439395
802,98.7684020996094,0.00464575598016746
803,98.8927383422852,0.00465583176113645
804,99.0361251831055,0.00466682684543455
805,99.1631240844727,0.0046787377263645
806,99.2924652099609,0.00469154931437733
807,99.4254150390625,0.00470523418487157
808,99.5624542236328,0.00471975203344419
809,99.6988220214844,0.00473504939972235
810,99.8311920166016,0.00475105971437195
811,99.9639053344727,0.00476770371132987
812,100.093788146973,0.00478489022942202
813,100.23274230957,0.00480251740558291
814,100.249290466309,0.0048204742376469
815,100.367614746094,0.00483864247025089
816,100.506988525391,0.00485689873507079
821,100.891860961914,0.00487511685870049
822,101.025726318359,0.00489317024001929
823,101.159202575684,0.00491093419542607
824,101.293556213379,0.00492828817562022
825,101.426452636719,0.00494511777146076
826,101.564147949219,0.00496131644750651
827,101.696128845215,0.00497678696773559
828,101.827484130859,0.0049914425054298
829,101.963539123535,0.00500520745463773
830,101.977577209473,0.0050180179804604
831,102.096412658691,0.00502982235678395
832,102.227272033691,0.00504058114136189
833,102.360626220703,0.00505026722922646
834,102.49486541748,0.0050588658078721
835,102.627723693848,0.00506637421465147
836,102.762153625488,0.00507280167266297
837,102.896209716797,0.00507816886092545
838,103.028465270996,0.0050825072624059
839,103.161422729492,0.00508585823296383
840,103.303405761719,0.00508827174714045
841,103.430877685547,0.00508980480228456
842,103.56273651123,0.00509051949772628
843,103.695770263672,0.00509048084555493
844,103.829132080078,0.00508975440784398
845,103.963493347168,0.00508840388566345
846,104.097381591797,0.00508648880282993
847,104.239768981934,0.00508406242907709
848,104.376640319824,0.00508117007285172
849,104.495956420898,0.00507784784558194
850,104.638343811035,0.00507412196145773
851,104.767692565918,0.00507000859507858
852,104.896034240723,0.00506551427930908
853,105.029899597168,0.00506063679180783
854,105.166763305664,0.0050553664536244
855,105.297119140625,0.0050496877476263
856,105.43098449707,0.00504358115722124
857,105.564849853516,0.00503702512472633
858,105.697738647461,0.00502999803147722
859,105.830268859863,0.00502248010663545
860,105.967643737793,0.00501445517797871
861,106.098518371582,0.00500591218617583
862,106.231376647949,0.00499684639528919
863,106.366737365723,0.00498726024769744
864,106.499099731445,0.00497716383183428
866,106.631958007812,0.00496657495551284
867,106.76481628418,0.00495551884431243
868,106.89917755127,0.00494402751072725
869,107.031532287598,0.00493213886229612
870,107.166549682617,0.00491989563283327
871,107.29948425293,0.00490734422817205
872,107.432968139648,0.00489453357581667
873,107.569839477539,0.00488151405721686
874,107.702194213867,0.00486833658378561
875,107.839569091797,0.00485505185570913
876,107.968635559082,0.00484170981872554
877,108.108932495117,0.00482835931090731
878,108.239784240723,0.00481504787123047
879,108.368637084961,0.00480182166604478
880,108.509010314941,0.00478872547969698
881,108.633346557617,0.00477580271228752
882,108.769233703613,0.00476309533118379
883,108.914772033691,0.00475064373326303
885,109.036262512207,0.00473848649106448
886,109.168579101562,0.00472665997649594
887,109.30054473877,0.00471519787812849
888,109.437919616699,0.00470413064950644
889,109.571823120117,0.00469348494315233
890,109.701484680176,0.00468328309519424
891,109.835845947266,0.00467354272676717
892,109.96907043457,0.00466427651986232
893,110.107437133789,0.00465549220804286
894,110.236938476562,0.00464719279888932
895,110.369613647461,0.00463937701880135
897,110.508995056152,0.00463203994594932
898,110.637893676758,0.00462517377746673
899,110.770248413086,0.00461876866503654
900,110.919273376465,0.00461281354989579
902,111.044235229492,0.00460729693330376
903,111.175598144531,0.00460220752960713
904,111.305946350098,0.00459753476328777
905,111.437965393066,0.00459326908581694
906,111.571235656738,0.00458940210043476
907,111.708442687988,0.00458592649193633
908,111.841430664062,0.00458283576431375
909,111.969779968262,0.00458012379296201
910,112.113922119141,0.00457778420208412
911,112.249794006348,0.00457580958396424
912,112.371620178223,0.00457419058636782
913,112.509712219238,0.00457291490782705
914,112.639930725098,0.00457196625697653
915,112.771286010742,0.0045713233491198
916,112.908653259277,0.00457095902762419
917,113.040008544922,0.00457083960605871
918,113.172370910645,0.00457092452615684
919,113.309364318848,0.00457116641478413
920,113.446296691895,0.00457151159981434
921,113.580520629883,0.00457190111164212
922,113.587532043457,0.00457227215706692
923,113.708862304688,0.00457256000968858
924,113.840217590332,0.00457270022047645
925,113.973220825195,0.00457263101833266
926,114.122619628906,0.00457229574701174
929,114.240936279297,0.00457164517421805
930,114.380516052246,0.00457063951219758
931,114.509033203125,0.00456925000633951
932,114.655204772949,0.00456745997756139
934,114.774490356445,0.00456526524285065
935,114.908851623535,0.00456267388279773
936,115.041061401367,0.00455970537140402
937,115.174049377441,0.00455638912797116
938,115.311416625977,0.00455276258989714
939,115.441452026367,0.00454886893577605
940,115.577819824219,0.00454475460825535
941,115.709175109863,0.00454046679458182
942,115.841247558594,0.00453605101962447
943,115.978286743164,0.00453154899229308
944,116.108642578125,0.00452699682334096
945,116.240997314453,0.00452242370277526
946,116.387062072754,0.00451785109105701
947,116.39909362793,0.00451329244263722
948,116.509391784668,0.0045087534457582
949,116.642509460449,0.00450423273123204
950,116.781890869141,0.00449972297710582
951,116.917251586914,0.00449521231725634
952,117.042587280273,0.00449068595095659
953,117.182807922363,0.00448612784758008
954,117.308723449707,0.00448152244540446
955,117.442077636719,0.00447685625480537
956,117.580337524414,0.00447211929226732
957,117.708679199219,0.0044673062904618
958,117.843040466309,0.00446241764891312
959,117.979415893555,0.00445746010744608
960,118.111770629883,0.00445244713915536
961,118.243125915527,0.00444739907026223
962,118.380249023438,0.00444234294096482
963,118.510208129883,0.00443731212502125
964,118.650581359863,0.00443234572758697
966,118.781944274902,0.00442748778213887
967,118.908279418945,0.00442278626929139
968,119.044647216797,0.00441829198355292
969,119.1806640625,0.00441405727857479
970,119.310005187988,0.00441013472666599
971,119.444374084473,0.00440657573344396
973,119.581741333008,0.00440342915259975
974,119.712089538574,0.00440073994820867
975,119.720115661621,0.0043985479524283
976,119.85498046875,0.0043968867646418
977,119.865509033203,0.0043957828340697
978,119.988655090332,0.00439525476151395
979,119.99967956543,0.0043953128470977
980,120.11198425293,0.0043959588995795
981,120.251358032227,0.00439718630928402
982,120.38037109375,0.00439898037162161
983,120.511726379395,0.00440131883286569
984,120.64608001709,0.00440417261609998
985,120.782455444336,0.00440750667499795
986,120.91381072998,0.00441128091805361
987,121.049171447754,0.00441545114705242
988,121.180526733398,0.00441996996096401
989,121.312881469727,0.00442478758902364
990,121.446884155273,0.00442985263267623
991,121.584892272949,0.00443511271297712
992,121.715240478516,0.00444051503569356
993,121.730278015137,0.00444600689884981
994,121.84659576416,0.00445153617555437
995,121.98998260498,0.00445705180803604
997,122.113311767578,0.00446250434683876
998,122.247673034668,0.00446784656240908
999,122.381034851074,0.00447303414544561
1000,122.522987365723,0.00447802649818136
1001,122.651222229004,0.00448278760231431
1002,122.784080505371,0.00448728693199475
1003,122.914932250977,0.0044915003638867
1004,123.054054260254,0.00449541102290333
1005,123.187324523926,0.00449900999392681
1006,123.315673828125,0.00450229682858261
1007,123.44994354248,0.00450527978323868
1008,123.581809997559,0.00450797574010826
1009,123.715675354004,0.00451040978661972
1010,123.857055664062,0.00451261445669107
1011,123.983024597168,0.00451462866768548
1012,124.115211486816,0.00451649641447477
1013,124.249290466309,0.00451826530312233
1014,124.384201049805,0.00451998501799715
1015,124.516090393066,0.00452170581594873
1016,124.656600952148,0.00452347712973609
1017,124.788627624512,0.00452534634237867
1018,124.916816711426,0.00452735776820858
1019,125.069763183594,0.00452955184972239
1021,125.184303283691,0.00453196455638598
1022,125.316215515137,0.00453462695593739
1023,125.452095031738,0.00453756492245608
1024,125.583953857422,0.0045407989485663
1025,125.717315673828,0.00454434403978293
1026,125.851631164551,0.00454820968392917
1027,125.993797302246,0.0045523999038067
1028,126.119102478027,0.00455691341308666
1029,126.251007080078,0.00456174390085012
1030,126.385375976562,0.00456688046793641
1031,126.517906188965,0.00457230822850577
1032,126.651893615723,0.00457800907472005
1033,126.785247802734,0.00458396258394886
1034,126.917457580566,0.00459014702957853
1035,127.053825378418,0.00459654044127807
1036,127.217765808105,0.00460312165068154
1037,127.238319396973,0.00460987125510707
1039,127.32154083252,0.00461677243533228
1040,127.457901000977,0.00462381157287895
1041,127.595764160156,0.0046309786263897
1043,127.720993041992,0.00463826724382736
1044,127.852851867676,0.0046456746056257
1045,127.986846923828,0.00465320101188738
1046,128.118698120117,0.00466084924280359
1047,128.259033203125,0.00466862373450348
1048,128.386169433594,0.00467652962175165
1049,128.520217895508,0.00468457170393771
1050,128.540771484375,0.00469275339171479
1051,128.652572631836,0.00470107568889547
1052,128.795623779297,0.00470953625853709
1053,128.919692993164,0.0047181286144115
1054,129.055236816406,0.00472684147011779
1055,129.187622070312,0.00473565826869654
1056,129.32048034668,0.00474455690629917
1057,129.454833984375,0.00475350965463325
1058,129.587203979492,0.00476248327878125
1059,129.720550537109,0.00477143933973092
1060,129.854949951172,0.00478033466468245
1061,129.988311767578,0.00478912196303453
1062,130.12629699707,0.00479775056203718
1063,130.259414672852,0.00480616723358026
1064,130.388763427734,0.00481431708260495
1065,130.525131225586,0.00482214446828694
1066,130.655548095703,0.00482959393148475
1067,130.789398193359,0.004836611105904
1068,130.92578125,0.00484314359577149
1069,131.056396484375,0.00484914180911937
1070,131.202285766602,0.00485455974241512
1071,131.323318481445,0.00485935571841246
1072,131.455780029297,0.00486349308380685
1073,131.594650268555,0.00486694087564046
1074,131.724990844727,0.00486967446469767
1075,131.857406616211,0.00487167618003111
1076,132.000289916992,0.00487293591147677
1077,132.12434387207,0.00487345167740617
1078,132.25715637207,0.00487323013447442
1079,132.394027709961,0.00487228699662948
1080,132.523376464844,0.0048706473241313
1081,132.657730102539,0.00486834564147386
1082,132.797103881836,0.00486542584688739
1083,132.924468994141,0.00486194088549182
1084,133.059600830078,0.00485795217203101
1085,133.197906494141,0.00485352876535326
1086,133.327255249023,0.00484874631279821
1087,133.457901000977,0.00484368579585773
1088,133.596771240234,0.00483843211703353
1089,133.727127075195,0.00483307257100399
1090,133.871520996094,0.00482769524165199
1091,133.997863769531,0.00482238736194918
1092,134.129211425781,0.00481723366854288
1093,134.259567260742,0.00481231477951379
1094,134.397476196289,0.0048077056238319
1095,134.526931762695,0.00480347395503682
1096,134.659790039062,0.0047996789888103
1097,134.797225952148,0.00479637021250825
1098,134.927307128906,0.00479358642188058
1099,135.061172485352,0.00479135504362227
1101,135.197036743164,0.00478969180009365
1102,135.326293945312,0.0047886007634632
1103,135.460662841797,0.00478807483065387
1104,135.596710205078,0.00478809662878694
1105,135.726913452148,0.00478863983504449
1106,135.870300292969,0.00478967086722281
1107,135.881317138672,0.00479115087415495
1108,136.000640869141,0.00479303793108938
1109,136.127868652344,0.00479528932632607
1110,136.269439697266,0.00479786381394609
1111,136.39729309082,0.00480072370486663
1112,136.52864074707,0.00480383667556724
1113,136.662002563477,0.00480717719059814
1114,136.79736328125,0.00481072746024307
1115,136.927719116211,0.00481447788619117
1116,137.068099975586,0.00481842698257333
1117,137.198913574219,0.0048225807935313
1118,137.330978393555,0.00482695185799853
1119,137.466339111328,0.00483155779471116
1120,137.598693847656,0.00483641959405143
1121,137.729583740234,0.00484155970815767
1122,137.866348266602,0.00484700002836029
1123,138.001724243164,0.00485275983214423
1124,138.137588500977,0.00485885377374929
1125,138.267944335938,0.00486528998623076
1126,138.396774291992,0.00487206836038247
1127,138.529647827148,0.00487917906794164
1128,138.669647216797,0.00488660140178093
1129,138.801513671875,0.00489430301158681
1130,138.932388305664,0.00490223961599173
1131,139.063705444336,0.00491035526717529
1132,139.197204589844,0.0049185832281795
1133,139.333557128906,0.00492684749479567
1134,139.464706420898,0.00493506495332466
1135,139.602584838867,0.00494314811572288
1136,139.732437133789,0.00495100831978975
1137,139.864883422852,0.00495855923080677
1138,139.997756958008,0.0049657204395208
1139,140.136123657227,0.0049724209259197
1140,140.271484375,0.0049786021533139
1141,140.399459838867,0.00498422057454161
1142,140.53483581543,0.00498924937034946
1143,140.66618347168,0.00499367929505663
1144,140.799591064453,0.00499751857030417
1145,140.937545776367,0.00500079183681792
1146,141.071441650391,0.00500353823959564
1147,141.199172973633,0.00500580877781246
1148,141.339126586914,0.00500766309287205
1149,141.467971801758,0.00500916589433045
1150,141.602844238281,0.00501038323376616
1151,141.732803344727,0.00501137883251551
1152,141.86767578125,0.00501221065302571
1153,142.002182006836,0.00501292787836898
1155,142.133529663086,0.00501356843316867
1156,142.2744140625,0.00501415714440536
1157,142.400527954102,0.00501470460432054
1158,142.533889770508,0.00501520676132475
1159,142.67707824707,0.00501564522935288
1160,142.801406860352,0.00501598827211217
1161,142.940780639648,0.00501619238676889
1162,143.07666015625,0.00501620438271996
1163,143.201171875,0.00501596382655338
1164,143.333526611328,0.00501540570593724
1165,143.476409912109,0.00501446315509001
1166,143.602951049805,0.00501307008467733
1167,143.735305786133,0.00501116357086144
1168,143.873168945312,0.00500868588210777
1169,144.002029418945,0.00500558605704277
1170,144.135177612305,0.00500182098932609
1171,144.279571533203,0.00499735602184022
1172,144.412933349609,0.00499216509721995
1173,144.535263061523,0.00498623054933658
1174,144.670623779297,0.00497954264598043
1175,144.802658081055,0.00497209900332032
1176,144.936004638672,0.00496390398654827
1177,145.087005615234,0.00495496818960524
1179,145.095031738281,0.00494530805342542
1180,145.202880859375,0.00493494564184297
1181,145.336242675781,0.00492390855321874
1182,145.471420288086,0.0049122299100223
1183,145.607330322266,0.00489994834322609
1184,145.749206542969,0.00488710787699578
1186,145.87109375,0.00487375762326617
1187,146.00846862793,0.00485995121460283
1188,146.136810302734,0.00484574593443723
1189,146.272720336914,0.00483120154193183
1190,146.404586791992,0.00481637882911463
1191,146.549774169922,0.00480133798517622
1192,146.68620300293,0.00478613687225635
1194,146.81364440918,0.00477082933520003
1196,146.956939697266,0.00475546367272786
1198,147.077255249023,0.00474008138895965
1199,147.205169677734,0.004724716323463
1200,147.338531494141,0.00470939422738001
1201,147.472381591797,0.00469413281599109
1202,147.607788085938,0.0046789422880793
1203,147.747314453125,0.0046638262635961
1205,147.87565612793,0.00464878305715683
1206,148.005706787109,0.00463380717906733
1207,148.138061523438,0.00461889094035814
1208,148.274017333984,0.00460402603507072
1209,148.415954589844,0.00458920498196752
1210,148.548309326172,0.00457442232780544
1211,148.673645019531,0.00455967554301402
1212,148.812026977539,0.00454496557478503
1213,148.950393676758,0.00453029705832562
1214,149.073532104492,0.00451567822030196
1215,149.209915161133,0.00450112053557295
1216,149.342300415039,0.00448663821626711
1217,149.475662231445,0.00447224761939832
1218,149.61003112793,0.00445796665534564
1219,149.742980957031,0.00444381426596512
1220,149.875274658203,0.00442981002049815
1221,150.011657714844,0.00441597385329101
1222,150.148849487305,0.00440232594339597
1223,150.284149169922,0.0043888867157422
1224,150.412170410156,0.00437567692917132
1225,150.548538208008,0.0043627178094007
1226,150.564590454102,0.00435003118477562
1227,150.686416625977,0.00433763958827493
1228,150.813262939453,0.0043255662987162
1229,150.94660949707,0.00431383530530522
1230,151.083038330078,0.00430247119061841
1231,151.212387084961,0.00429149893632214
1232,151.343551635742,0.00428094366258023
1233,151.47590637207,0.00427083031596377
1234,151.613128662109,0.00426118332203856
1235,151.74348449707,0.00425202621826128
1236,151.876846313477,0.00424338128109516
1237,152.011840820312,0.00423526915907197
1238,152.14518737793,0.00422770852147022
1239,152.277252197266,0.00422071573077452
1240,152.413543701172,0.00421430454636099
1241,152.54541015625,0.00420848586696891
1242,152.682037353516,0.00420326752033428
1243,152.813385009766,0.00419865410957142
1244,152.944747924805,0.00419464692702066
1245,153.0791015625,0.00419124394673499
1246,153.213287353516,0.00418843990589447
1247,153.344482421875,0.00418622648261643
1248,153.48486328125,0.00418459257249166
1249,153.612197875977,0.00418352465872946
1250,153.745468139648,0.0041830072615634
1251,153.883850097656,0.00418302344261968
1252,154.012100219727,0.00418355533078344
1253,154.146453857422,0.00418458462939025
1254,154.281814575195,0.00418609306181872
1255,154.413177490234,0.00418806271471457
1256,154.545532226562,0.00419047624526352
1257,154.681900024414,0.00419331693036816
1258,154.822296142578,0.00419656854972219
1259,154.960662841797,0.00420021510963921
1261,155.085998535156,0.00420424042812951
1262,155.216369628906,0.0042086276126232
1263,155.347381591797,0.00421335846913385
1264,155.488754272461,0.00421841288554895
1265,155.622116088867,0.00422376823274107
1266,155.746994018555,0.00422939882622675
1267,155.88444519043,0.00423527548897991
1268,156.014801025391,0.00424136525317457
1269,156.160797119141,0.00424763123499531
1270,156.284133911133,0.00425403271165386
1271,156.412475585938,0.00426052542257192
1272,156.548400878906,0.00426706210660989
1273,156.684387207031,0.00427359327393501
1274,156.816497802734,0.00428006819502348
1275,156.947845458984,0.00428643607156376
1276,157.083740234375,0.00429264733656328
1277,157.214584350586,0.00429865501606436
1278,157.349853515625,0.0043044160748386
1279,157.484222412109,0.00430989266504001
1280,157.615753173828,0.00431505320092669
1281,157.748107910156,0.00431987319411348
1282,157.884475708008,0.00432433580095902
1283,158.015640258789,0.00432843205432487
1284,158.147994995117,0.00433216077341257
1285,158.286361694336,0.00433552816522278
1286,158.415710449219,0.00433854714760085
1287,158.550720214844,0.00434123643598467
1288,158.68586730957,0.0043436194439223
1289,158.816879272461,0.00434572305190361
1290,158.951248168945,0.00434757630102695
1291,159.084182739258,0.00434920906832346
1292,159.216537475586,0.00435065077960396
1293,159.349899291992,0.00435192921342019
1294,159.486251831055,0.00435306944576265
1295,159.616607666016,0.0043540929789958
1296,159.751968383789,0.00435501709000515
1297,159.884338378906,0.00435585442173142
1298,160.018585205078,0.00435661282975261
1299,160.151931762695,0.00435729548223986
1300,160.283294677734,0.00435790119849211
1301,160.418579101562,0.00435842499932693
1302,160.551620483398,0.00435885883263251
1303,160.684509277344,0.00435919242985355
1304,160.818374633789,0.00435941424432563
1305,160.952407836914,0.00435951242025116
1306,161.084289550781,0.00435947574170065
1307,161.218643188477,0.00435929451425017
1308,161.354507446289,0.00435896133757902
1309,161.506469726562,0.00435847173524827
1311,161.619766235352,0.00435782461743575
1312,161.753631591797,0.00435702256284258
1313,161.885147094727,0.00435607191635548
1314,162.018539428711,0.00435498270837365
1315,162.15348815918,0.00435376840920099
1316,162.286437988281,0.00435244553716003
1317,162.42366027832,0.004351033142177
1318,162.556015014648,0.00434955218804355
1319,162.688064575195,0.00434802485718561
1320,162.821182250977,0.00434647380241054
1321,162.952545166016,0.00434492137140208
1322,163.09391784668,0.00434338883195476
1323,163.221755981445,0.00434189562891566
1324,163.354614257812,0.00434045870697401
1325,163.487686157227,0.00433909193597604
1326,163.62158203125,0.00433780567638442
1327,163.753845214844,0.00433660652089511
1328,163.896774291992,0.00433549724325533
1329,164.03434753418,0.0043344769764515
1330,164.155670166016,0.00433354162952959
1331,164.288635253906,0.00433268453580669
1332,164.421524047852,0.0043318973062328
1333,164.555389404297,0.00433117084193893
1334,164.69677734375,0.00433049644187013
1335,164.822158813477,0.00432986692739846
1336,164.955017089844,0.00432927769829752
1337,165.092391967773,0.00432872763513726
1338,165.223587036133,0.00432821977265298
1339,165.356948852539,0.00432776168628795
1340,165.488922119141,0.00432736555795942
1341,165.623184204102,0.00432704791422728
1342,165.762573242188,0.00432682905705404
1343,165.8896484375,0.00432673223097778
1344,166.030715942383,0.00432678258823113
1345,166.159072875977,0.00432700602370056
1346,166.290420532227,0.00432742795446339
1347,166.423782348633,0.00432807211493531
1348,166.557876586914,0.00432895943017902
1349,166.690231323242,0.00433010701878002
1350,166.825592041016,0.00433152736488974
1351,166.960494995117,0.00433322768809129
1352,167.097869873047,0.00433520953048709
1354,167.225723266602,0.00433746857292993
1355,167.358581542969,0.00433999468608759
1356,167.492935180664,0.0043427722161307
1357,167.625305175781,0.00434578049827873
1358,167.769683837891,0.00434899458349822
1359,167.893020629883,0.00435238615410889
1360,168.025909423828,0.00435592459336527
1361,168.158615112305,0.00435957816332715
1362,168.293975830078,0.00436331523602904
1363,168.425598144531,0.00436710551672126
1364,168.5634765625,0.00437092119610684
1365,168.693817138672,0.00437473797172786
1366,168.82568359375,0.00437853588681462
1367,168.959136962891,0.00438229994701713
1368,169.093551635742,0.00438602048987246
1369,169.228927612305,0.00438969329673261
1370,169.360778808594,0.00439331945044813
1371,169.497146606445,0.00439690495316402
1372,169.633514404297,0.00440046012669273
1373,169.764877319336,0.00440399882342631
1374,169.90022277832,0.0044075374795835
1375,170.034072875977,0.0044110940459675
1376,170.160919189453,0.00441468683541928
1377,170.301162719727,0.00441833333140369
1378,170.429504394531,0.00442204900860734
1379,170.565826416016,0.00442584622331364
1380,170.703186035156,0.00442973323734282
1381,170.837554931641,0.00443371344287303
1382,170.962890625,0.00443778485480372
1383,171.10026550293,0.00444193993101244
1384,171.229721069336,0.00444616576786688
1385,171.363098144531,0.0044504446983305
1386,171.503555297852,0.00445475529344357
1387,171.631896972656,0.00445907373636823
1388,171.762908935547,0.00446337550409416
1389,171.900039672852,0.00446763725876448
1390,172.033889770508,0.00447183882244503
1391,172.164733886719,0.0044759650901204
1393,172.18879699707,0.00448000772923066
1394,172.30078125,0.00448396652232659
1395,172.440170288086,0.00448785023274283
1396,172.574523925781,0.00449167690982015
1397,172.699829101562,0.00449547359647932
1398,172.845016479492,0.00449927545278726
1401,172.96533203125,0.00450312435886367
1402,173.108352661133,0.00450706710360547
1405,173.365036010742,0.00451115329784063
1406,173.504989624023,0.00451543316881523
1407,173.632461547852,0.00451995539632304
1408,173.765838623047,0.00452476513998637
1409,173.900512695312,0.00452990238429466
1410,174.031875610352,0.00453540069610035
1411,174.166030883789,0.0045412864519873
1412,174.304397583008,0.0045475785539927
1413,174.433242797852,0.00455428861504077
1414,174.575271606445,0.00456142156303428
1415,174.700103759766,0.00456897658696804
1416,174.833572387695,0.00457694833089452
1417,174.98046875,0.0045853282323895
1418,175.099807739258,0.00459410590083842
1419,175.23828125,0.00460327043632185
1420,175.375137329102,0.00461281160075969
1421,175.505477905273,0.0046227207679036
1422,175.633987426758,0.00463299159655105
1423,175.769378662109,0.00464362039104131
1424,175.779403686523,0.00465460613391815
1425,175.901245117188,0.00466595019688437
1426,176.033599853516,0.00467765575701045
1427,176.184005737305,0.00468972696459766
1429,176.306060791016,0.00470216792599184
1430,176.436019897461,0.00471498157782717
1431,176.569885253906,0.00472816853762784
1432,176.712265014648,0.0047417260186959
1433,176.844161987305,0.00475564689446574
1434,176.969604492188,0.0047699189891373
1435,177.100952148438,0.00478452465792426
1436,177.235488891602,0.00479944070247266
1437,177.371932983398,0.00481463864593269
1438,177.510299682617,0.00483008536896297
1439,177.636138916016,0.00484574408390232
1440,177.772567749023,0.004861575600878
1441,177.908767700195,0.00487753981827588
1443,178.037124633789,0.00489359735239516
1444,178.172393798828,0.00490971120883215
1445,178.306762695312,0.00492584839254053
1446,178.445404052734,0.00494198135549927
1447,178.457946777344,0.00495808919069182
1448,178.572906494141,0.00497415849802732
1449,178.718154907227,0.00499018387041427
1451,178.733184814453,0.00500616797421497
1452,178.839538574219,0.00502212122514603
1453,178.97265625,0.00503806108572736
1454,179.103622436523,0.00505401103142553
1455,179.236358642578,0.00506999924824214
1456,179.371231079102,0.00508605713414722
1457,179.504501342773,0.00510221768084191
1458,179.637405395508,0.00511851381195798
1459,179.778274536133,0.00513497675046446
1460,179.908172607422,0.00515163448327184
1461,180.0380859375,0.00516851038598639
1462,180.171951293945,0.00518562206605142
1463,180.304840087891,0.00520298047796168
1464,180.438369750977,0.0052205893589904
1465,180.575744628906,0.00523844502656725
1466,180.705093383789,0.0052565365675823
1467,180.838455200195,0.00527484643425391
1468,180.972808837891,0.00529335144030757
1469,181.118850708008,0.00531202412566105
1471,181.238174438477,0.00533083442940441
1472,181.373474121094,0.00534975158250446
1473,181.507385253906,0.00536874610698484
1474,181.642974853516,0.00538779179111963
1475,181.780471801758,0.00540686750370696
1476,181.907653808594,0.00542595871687988
1477,182.039810180664,0.00544505862665052
1478,182.17578125,0.00546416879206774
1479,182.311141967773,0.00548329925426544
1480,182.440490722656,0.00550246814108554
1481,182.577590942383,0.00552170080584101
1482,182.712707519531,0.00554102858460948
1483,182.848571777344,0.0055604872805973
1484,182.977432250977,0.00558011549370547
1485,183.116348266602,0.00559995290788752
1486,183.245208740234,0.00562003863012128
1487,183.377258300781,0.0056404096469113
1488,183.508605957031,0.00566109943272861
1489,183.646743774414,0.00568213671560302
1490,183.785797119141,0.00570354438338642
1491,183.907089233398,0.00572533850345848
1492,184.045959472656,0.00574752742998172
1493,184.177505493164,0.00577011098493995
1494,184.307861328125,0.00579307971877793
1495,184.448913574219,0.00581641427886502
1496,184.581741333008,0.00584008493420476
1497,184.708908081055,0.005864051318264
1498,184.84326171875,0.00588826245513601
1499,184.976623535156,0.00591265712574127
1500,185.11799621582,0.00593716461047651
1501,185.246337890625,0.00596170581450492
1502,185.377548217773,0.00598619474518044
1503,185.509902954102,0.00601054027257735
1504,185.649276733398,0.00603464806909282
1505,185.777420043945,0.00605842259791887
1506,185.908767700195,0.00608176900732099
1507,186.043106079102,0.0061045947909501
1508,186.182022094727,0.006126811094425
1509,186.313873291016,0.00614833358318686
1510,186.444229125977,0.00616908283183333
1511,186.577209472656,0.00618898424479945
1512,186.714645385742,0.00620796756573192
1514,186.850341796875,0.00622596607208613
1515,186.986282348633,0.00624291557781998
1516,187.112716674805,0.00625875337829036
1517,187.251754760742,0.00627341726778864
1518,187.379302978516,0.00628684474398592
1519,187.513320922852,0.00629897248880185
1520,187.64567565918,0.00630973618635315
1521,187.780639648438,0.00631907070984531
1522,187.911865234375,0.00632691068365978
1523,188.046234130859,0.00633319140614462
1524,188.179595947266,0.00633785010297857
1525,188.316970825195,0.00634082746956531
1526,188.447189331055,0.00634206945225387
1527,188.580474853516,0.00634152921079835
1528,188.728881835938,0.00633916919736373
1530,188.84619140625,0.0063349632802864
1532,189.116958618164,0.00632889883416109
1533,189.24787902832,0.00632097871258733
1534,189.380828857422,0.00631122301711813
1535,189.51692199707,0.00629967057642112
1536,189.647918701172,0.00628638005373683
1537,189.781280517578,0.00627143060827866
1538,189.916564941406,0.00625492204686847
1539,190.046905517578,0.00623697441545898
1540,190.181106567383,0.00621772699615354
1543,190.58659362793,0.0061973366941458
1545,190.719955444336,0.00617597582111096
1546,190.848297119141,0.00615382930725507
1547,190.986389160156,0.00613109140310546
1548,191.12174987793,0.00610796196285439
1549,191.262130737305,0.00608464243121611
1550,191.386474609375,0.00606133168205649
1551,191.515396118164,0.00603822187594657
1552,191.64875793457,0.00601549451214575
1555,191.916473388672,0.00599331684630698
1556,192.048858642578,0.00597183882794808
1557,192.186233520508,0.00595119068266837
1558,192.317276000977,0.00593148122589552
1559,192.449630737305,0.00591279695129547
1560,192.588012695312,0.00589520189191862
1561,192.719360351562,0.00587873820952965
1562,192.862258911133,0.00586342743055861
1563,192.988861083984,0.00584927221797483
1564,193.125228881836,0.00583625854838778
1566,193.137268066406,0.00582435815316585
1567,193.251571655273,0.00581353108093882
1568,193.388565063477,0.00580372824558468
1569,193.515914916992,0.00579489383745118
1570,193.651275634766,0.00578696749474615
1571,193.788650512695,0.00577988615536758
1572,193.917999267578,0.00577358553563378
1573,194.051361083984,0.00576800121021292
1574,194.188247680664,0.00576306929589567
1575,194.317092895508,0.00575872676955098
1576,194.45246887207,0.00575491147640066
1577,194.588836669922,0.00575156190724036
1578,194.718185424805,0.00574861684086852
1579,194.851516723633,0.00574601495913935
1580,194.988891601562,0.00574369454521412
1581,195.120239257812,0.00574159336958084
1582,195.253204345703,0.00573964885271136
1583,195.389144897461,0.0057377985681951
1584,195.519500732422,0.0057359811172732
1585,195.653625488281,0.00573413736744738
1586,195.787994384766,0.00573221200773013
1587,195.920349121094,0.0057301553351693
1588,196.065505981445,0.00572792515556772
1590,196.187835693359,0.00572548865932186
1591,196.320190429688,0.00572282412345419
1592,196.453262329102,0.00571992229427409
1593,196.589630126953,0.00571678732130167
1594,196.720977783203,0.00571343714049982
1595,196.853942871094,0.0057099032409298
1596,196.989303588867,0.00570622979057685
1597,197.120651245117,0.00570247214096631
1598,197.254013061523,0.00569869477299589
1599,197.389389038086,0.00569496878497602
1600,197.52751159668,0.0056913690552841
1601,197.65380859375,0.00568797123378417
1602,197.79182434082,0.00568484872634606
1603,197.92317199707,0.00568206983439875
1604,198.055465698242,0.00567969519656704
1605,198.190551757812,0.00567777565340063
1606,198.323654174805,0.00567635062151191
1607,198.456619262695,0.00567544702351041
1608,198.589813232422,0.00567507877886576
1609,198.731185913086,0.00567524682215844
1610,198.856521606445,0.00567593958253546
1611,198.989883422852,0.00567713383420186
1612,199.122848510742,0.00567879581404572
1613,199.263214111328,0.00568088249953214
1614,199.391387939453,0.00568334294730646
1615,199.523590087891,0.00568611960913136
1616,199.656707763672,0.00568914956472328
1617,199.791076660156,0.00569236563806715
1618,199.923202514648,0.00569569739180855
1619,200.064575195312,0.00569907202013223
1620,200.192977905273,0.00570241518105094
1621,200.324325561523,0.00570565182164499
1622,200.459213256836,0.00570870705273876
1623,200.591812133789,0.00571150712215707
1624,200.725173950195,0.00571398051879403
1625,200.85905456543,0.00571605921533609
1626,200.992919921875,0.00571768002887232
1627,201.124267578125,0.00571878604984613
1628,201.257171630859,0.0057193280651414
1629,201.391525268555,0.00571926588443567
1630,201.524871826172,0.00571856947314562
1631,201.660247802734,0.00571721980163985
1632,201.793304443359,0.00571520933837973
1633,201.926666259766,0.00571254214195324
1634,202.059585571289,0.00570923353984031
1635,202.192947387695,0.0057053094156614
1636,202.337326049805,0.00570080515710167
1637,202.465515136719,0.00569576433995554
1638,202.594299316406,0.00569023723746425
1639,202.726013183594,0.00568427924763218
1640,202.860382080078,0.00567794932537749
1641,202.993743896484,0.0056713084932689
1642,203.12809753418,0.00566441848695569
1643,203.261459350586,0.00565734057207787
1644,203.394348144531,0.00565013455100686
1645,203.527206420898,0.00564285796220639
1646,203.670257568359,0.00563556546362998
1647,203.796463012695,0.00562830838500412
1648,203.927688598633,0.00562113443204692
1649,204.061050415039,0.00561408752797523
1650,204.198257446289,0.00560720778282919
1651,204.32942199707,0.0056005315875008
1652,204.476821899414,0.00559409183495035
1654,204.483337402344,0.00558791827404851
1655,204.595642089844,0.00558203800033743
1656,204.732513427734,0.00557647608207819
1657,204.863861083984,0.00557125630953511
1658,204.995727539062,0.00556640204180249
1659,205.129364013672,0.00556193711060293
1660,205.267364501953,0.00555788672670659
1661,205.396057128906,0.00555427832414009
1662,205.534942626953,0.00555114227186386
1663,205.67431640625,0.00554851238307189
1664,205.8056640625,0.00554642615895371
1665,205.929000854492,0.00554492471632015
1666,206.076400756836,0.00554405236621556
1667,206.199722290039,0.00554385583257916
1668,206.329086303711,0.00554438312505089
1669,206.463439941406,0.00554568210676475
1670,206.603317260742,0.00554779882469219
1671,206.739181518555,0.00555077569462565
1672,206.865524291992,0.00555464965272071
1673,207.003387451172,0.00555945039805562
1674,207.137268066406,0.00556519885363468
1675,207.265380859375,0.00557190596511899
1676,207.398239135742,0.00557957193688526
1677,207.531799316406,0.00558818597467841
1678,207.676193237305,0.00559772656532576
1679,207.804244995117,0.00560816228001245
1680,207.932601928711,0.00561945304251007
1681,208.064712524414,0.00563155176185013
1682,208.20866394043,0.00564440619444342
1683,208.342010498047,0.00565796087720274
1684,208.354049682617,0.00567215896351999
1685,208.467361450195,0.00568694379941454
1686,208.603805541992,0.00570226009777845
1687,208.736663818359,0.00571805460282236
1688,208.8740234375,0.00573427618155114
1689,208.998977661133,0.00575087533017661
1690,209.148376464844,0.00576780313589984
1691,209.272720336914,0.00578500978342366
1692,209.412796020508,0.00580244273631855
1693,209.535125732422,0.00582004475240508
1694,209.666473388672,0.00583775190745956
1695,209.807159423828,0.00585549180215758
1696,209.93701171875,0.00587318211405142
1697,210.067352294922,0.00589072963152857
1698,210.204849243164,0.00590802987292617
1699,210.335693359375,0.00592496735450256
1700,210.468048095703,0.00594141652907981
1701,210.607940673828,0.00595724337595134
1702,210.740798950195,0.00597230758477507
1703,210.869674682617,0.00598646524379124
1704,211.005035400391,0.00599957191731854
1705,211.134887695312,0.00601148597989157
1706,211.268981933594,0.00602207206466799
1707,211.404846191406,0.00603120448124881
1708,211.535690307617,0.00603877046171618
1709,211.668670654297,0.00604467310219458
1710,211.809555053711,0.00604883387942944
1711,211.937408447266,0.00605119463707415
1712,212.069763183594,0.00605171895455248
1713,212.205627441406,0.0060503928330732
1714,212.34619140625,0.00604722465942319
1715,212.474548339844,0.00604224443909598
1716,212.610015869141,0.0060355023258404
1717,212.736434936523,0.00602706651333073
1718,212.870498657227,0.0060170205935438
1719,213.01237487793,0.00600546052174278
1720,213.138214111328,0.00599249135548444
1721,213.273574829102,0.00597822395096793
1723,213.407943725586,0.00596277180167346
1724,213.548965454102,0.00594624819063035
1725,213.553985595703,0.0059287637997056
1726,213.679321289062,0.00591042487961736
1727,213.809173583984,0.00589133203682548
1728,213.93701171875,0.00587157964261704
1729,214.076385498047,0.00585125582030793
1730,214.205947875977,0.00583044292287954
1731,214.337814331055,0.0058092183791657
1732,214.480194091797,0.00578765576447516
1733,214.612396240234,0.00576582594265817
1734,214.738739013672,0.0057437981312299
1735,214.876663208008,0.00572164075816954
1736,215.005599975586,0.00569942200630769
1737,215.138473510742,0.00567720997589412
1738,215.281356811523,0.00565507243464997
1739,215.409820556641,0.00563307616388935
1740,215.53955078125,0.00561128594591072
1741,215.675918579102,0.00558976326907621
1742,215.806365966797,0.00556856485078891
1743,215.939437866211,0.00554774109372173
1744,216.080520629883,0.00552733459673814
1745,216.212173461914,0.00550737883929039
1746,216.340621948242,0.00548789714756676
1747,216.476989746094,0.00546890203352768
1748,216.607269287109,0.0054503949756211
1749,216.739624023438,0.00543236668379646
1750,216.878997802734,0.00541479786275065
1752,217.007354736328,0.00539766045736147
1753,217.140655517578,0.00538091933421317
1754,217.276016235352,0.00536453432432483
1755,217.423187255859,0.00534846252619969
1757,217.54150390625,0.0053326607469106
1758,217.679870605469,0.00531708794407829
1759,217.80876159668,0.00530170752521275
1760,217.942626953125,0.00528648936457395
1761,218.080993652344,0.00527141141239216
1762,218.210342407227,0.00525646079689609
1763,218.34245300293,0.00524163435482356
1764,218.475814819336,0.00522693856835163
1765,218.610168457031,0.00521238893198014
1766,218.74153137207,0.00519800881740294
1767,218.888717651367,0.00518382794319466
1768,218.902755737305,0.00516988058507333
1769,219.021072387695,0.0051562036784672
1770,219.143402099609,0.00514283496651477
1771,219.276336669922,0.00512981133357469
1772,219.410690307617,0.00511716743860325
1773,219.543060302734,0.00510493472754453
1774,219.677124023438,0.00509314086326123
1775,219.814498901367,0.00508180956996273
1776,219.943862915039,0.00507096085082185
1777,220.077178955078,0.00506061150610434
1778,220.209533691406,0.00505077585725067
1779,220.356826782227,0.00504146657133117
1780,220.478149414062,0.00503269548028849
1781,220.611511230469,0.00502447429938748
1782,220.75666809082,0.00501681516738648
1783,220.761688232422,0.00500973095456181
1784,220.878997802734,0.00500323531100946
1785,221.012893676758,0.00499734245382445
1786,221.152374267578,0.00499206671540916
1787,221.278701782227,0.00498742189449451
1788,221.411056518555,0.00498342046542777
1789,221.55143737793,0.0049800727096039
1790,221.678771972656,0.00497738583596529
1791,221.81413269043,0.00497536315609363
1792,221.952041625977,0.00497400337460157
1793,222.079879760742,0.00497330004828024
1794,222.213241577148,0.00497324125850048
1795,222.355316162109,0.00497380953107143
1796,222.49250793457,0.00497498202617467
1797,222.61262512207,0.00497673100798301
1798,222.745986938477,0.00497902458906777
1799,222.87907409668,0.00498182772892001
1800,223.023468017578,0.00498510344954343
1801,223.146362304688,0.00498881421527678
1802,223.280258178711,0.00499292341025277
1803,223.412109375,0.004997396836721
1804,223.547027587891,0.00500220415209295
1805,223.680969238281,0.00500732016269386
1806,223.828079223633,0.00501272589784951
1807,223.841110229492,0.00501840939850954
1808,223.95442199707,0.0050243661691301
1809,224.092361450195,0.005030599258898
1810,224.103393554688,0.00503711895755633
1811,224.213302612305,0.0050439421112557
1812,224.357284545898,0.00505109108431101
1813,224.481231689453,0.00505859241277094
1814,224.615600585938,0.00506647521439614
1815,224.747894287109,0.00507476943578767
1816,224.898300170898,0.00508350402956025
1817,225.017425537109,0.00509270516111363
1818,225.149810791016,0.00510239454446689
1819,225.283767700195,0.00511258799910024
1820,225.415130615234,0.00512329430493383
1821,225.549118041992,0.00513451441153216
1822,225.687484741211,0.00514624103229868
1823,225.82194519043,0.00515845862740678
1824,225.949264526367,0.00517114375338956
1825,226.090316772461,0.00518426573545311
1826,226.216369628906,0.0051977876029314
1827,226.349548339844,0.00521166722024158
1828,226.49348449707,0.00522585854551705
1829,226.626007080078,0.00524031295594798
1830,226.764877319336,0.0052549805908974
1831,226.886215209961,0.00526981167852526
1832,227.016296386719,0.00528475782608727
1833,227.157318115234,0.00529977326558659
1834,227.285659790039,0.00531481605295919
1835,227.419570922852,0.00532984921933891
1836,227.551956176758,0.00534484186721088
1837,227.68537902832,0.00535977019364875
1838,227.819747924805,0.00537461840958465
1839,227.951095581055,0.00538937951108495
1840,228.086181640625,0.00540405584894835
1841,228.219543457031,0.00541865943923091
1842,228.354843139648,0.00543321196120434
1843,228.486206054688,0.0054477444011246
1844,228.621566772461,0.00546229631897356
1846,228.753540039062,0.00547691473877787
1847,228.886581420898,0.00549165268820281
1848,229.024948120117,0.0055065674367172
1849,229.163940429688,0.00552171850102926
1851,229.289886474609,0.00553716549988052
1852,229.425262451172,0.00555296594690551
1853,229.566635131836,0.0055691730703652
1854,229.688385009766,0.00558583374312494
1855,229.829162597656,0.00560298659663791
1856,229.962326049805,0.00562066038033842
1857,230.095474243164,0.00563887261400896
1858,230.229354858398,0.0056576285663718
1859,230.367309570312,0.00567692057914069
1860,230.488693237305,0.00569672774263548
1861,230.623947143555,0.0057170159172587
1862,230.76725769043,0.00573773808497002
1863,230.896179199219,0.00575883500651654
1864,231.021514892578,0.00578023615352926
1865,231.154876708984,0.00580186087943015
1866,231.301803588867,0.00582361978904892
1867,231.421630859375,0.00584541626359158
1868,231.55598449707,0.00586714809500082
1869,231.692352294922,0.00588870918198971
1870,231.82470703125,0.00590999123964579
1871,231.95671081543,0.00593088547624331
1872,232.097534179688,0.00595128419548779
1873,232.237777709961,0.00597108229023771
1874,232.415740966797,0.00599017860457325
1875,232.724456787109,0.0060084771539326
1876,232.899017333984,0.00602588820622562
1877,233.028350830078,0.00604232923824455
1878,233.157699584961,0.00605772578919864
1879,233.296081542969,0.00607201223518066
1880,233.425430297852,0.00608513250414724
1881,233.558349609375,0.00609704074108752
1882,233.69270324707,0.00610770191919997
1883,233.832992553711,0.00611709237774218
1884,233.965896606445,0.00612520025380033
1885,234.101776123047,0.00613202576631964
1887,234.22509765625,0.00613758130825413
1888,234.369369506836,0.00614189130727428
1889,234.495712280273,0.0061449918263837
1890,234.625061035156,0.00614692989118313
1891,234.757995605469,0.0061477625478964
1892,234.902374267578,0.00614755567314986
1895,235.02571105957,0.00614638257094216
1896,235.162002563477,0.00614432240322293
1897,235.294891357422,0.00614145850793316
1898,235.427612304688,0.00613787666287278
1900,235.56462097168,0.0061336633562741
1902,235.69596862793,0.00612890412624037
1903,235.826019287109,0.00612368203152762
1904,235.96110534668,0.0061180763151458
1905,236.09245300293,0.00611216131903064
1906,236.22639465332,0.00610600570142691
1907,236.364761352539,0.00609967199758406
1908,236.4951171875,0.00609321654836148
1909,236.631103515625,0.00608668980064312
1910,236.760452270508,0.00608013695928813
1911,236.90071105957,0.00607359894479702
1912,237.032623291016,0.00606711358668005
1913,237.160415649414,0.00606071696260396
1914,237.29377746582,0.00605444478038869
1915,237.429656982422,0.00604833369566163
1916,237.562149047852,0.00604242246314667
1917,237.695022583008,0.00603675283358944
1918,237.827880859375,0.00603137012946409
1919,237.961288452148,0.00602632345831901
1920,238.106689453125,0.00602166555000086
1921,238.237030029297,0.00601745223028008
1922,238.361373901367,0.00601374156632445
1923,238.495666503906,0.00601059273747846
1924,238.628829956055,0.00600806469709548
1925,238.763900756836,0.00600621469756678
1926,238.897262573242,0.00600509675153182
1927,239.02961730957,0.0060047600982415
1928,239.166610717773,0.00600524773618857
1929,239.295944213867,0.00600659507267371
1930,239.430023193359,0.00600882872939433
1931,239.561752319336,0.00601196553194556
1932,239.696624755859,0.00601601170169125
1933,239.829986572266,0.0060209622617833
1934,239.844009399414,0.00602680066552303
1935,239.964340209961,0.00603349865432928
1936,240.107666015625,0.00604101635311963
2026,251.441864013672,0.0060493026112442
2027,251.581405639648,0.00605829559548719
2028,251.709045410156,0.00606792363675831
2029,251.840942382812,0.00607810632350319
2030,251.981323242188,0.00608875582325452
2031,252.115768432617,0.00609977840085699
2032,252.249771118164,0.00611107609012022
2033,252.381134033203,0.00612254846740677
2034,252.508087158203,0.0061340944727098
2035,252.643447875977,0.00614561422666976
2036,252.778244018555,0.0061570107998281
2037,252.909774780273,0.00616819190105874
2038,253.043762207031,0.00617907146267748
2039,253.179794311523,0.00618957110739864
2040,253.311935424805,0.00619962148513693
2041,253.451919555664,0.00620916346511889
2043,253.580444335938,0.00621814916195106
2044,253.709899902344,0.0062265427656107
2045,253.852294921875,0.00623432113789846
2046,253.981643676758,0.00624147413472786
2047,254.110595703125,0.00624800461683736
2048,254.244506835938,0.00625392812179704
2049,254.38037109375,0.00625927218667944
2050,254.510559082031,0.00626407533129343
2051,254.644927978516,0.0062683857334802
2052,254.781295776367,0.0062722596475745
2053,254.911651611328,0.00627575963217992
2054,255.045639038086,0.00627895266226483
2055,255.18049621582,0.00628190820271434
2056,255.312057495117,0.00628469631633189
2057,255.445037841797,0.00628738587006014
2058,255.580902099609,0.00629004289046249
2059,255.711761474609,0.00629272910491827
2060,255.845703125,0.00629550069001119
2061,255.980575561523,0.00629840723440577
2062,256.112426757812,0.00630149091095352
2063,256.246398925781,0.00630478584240072
2064,256.381256103516,0.00630831763723112
2065,256.512115478516,0.00631210306710399
2067,256.652496337891,0.00631614985524599
2069,256.781341552734,0.00632045654623016
2070,256.914184570312,0.00632501243200201
2071,257.046569824219,0.00632979751682832
2072,257.181427001953,0.0063347825147826
2073,257.314117431641,0.00633992888670193
2074,257.448486328125,0.00634518893792483
2075,257.587860107422,0.0063505060116465
2077,257.719207763672,0.00635581482310563
2078,257.848541259766,0.00636104198469507
2079,257.980407714844,0.00636610676950816
2080,258.115264892578,0.00637092214970398
2081,258.247619628906,0.00637539612655237
2082,258.381988525391,0.00637943334269475
2083,258.520935058594,0.00638293693699351
2084,258.648284912109,0.00638581057233851
2085,258.781646728516,0.00638796054137603
2086,258.915985107422,0.00638929783848165
2087,259.04833984375,0.00638974008152557
2088,259.182708740234,0.00638921317553162
2089,259.316070556641,0.00638765263166186
2090,259.449432373047,0.00638500448654538
2091,259.582366943359,0.00638122580471621
2092,259.717742919922,0.00637628478584486
2093,259.85107421875,0.00637016053350192
2094,259.983062744141,0.00636284256907024
2095,260.116424560547,0.00635433019014894
2096,260.249755859375,0.00634463177603049
2097,260.388458251953,0.00633376413390661
2098,260.516296386719,0.00632175196013274
2099,260.649658203125,0.00630862746400201
2100,260.785034179688,0.00629443017056015
2101,260.917388916016,0.00627920688780881
2102,261.0517578125,0.00626301179584465
2103,261.184722900391,0.00624590659422299
2104,261.318756103516,0.00622796063143928
2105,261.452117919922,0.00620925093808132
2106,261.586029052734,0.0061898620928027
2107,261.719879150391,0.00616988586637059
2109,261.852233886719,0.006149420611125
2110,261.985137939453,0.00612857038806343
2111,262.119995117188,0.00610744384814683
2112,262.253356933594,0.00608615290548714
2113,262.38525390625,0.00606481125588952
2114,262.519104003906,0.00604353280392974
2115,262.653472900391,0.0060224300654874
2116,262.787841796875,0.00600161261126474
2117,262.917755126953,0.00598118561143002
2118,263.052947998047,0.00596124853319635
2119,263.194152832031,0.00594189403264822
2120,263.320495605469,0.0059232070699007
2121,263.452850341797,0.00590526426296851
2122,263.587219238281,0.00588813348082599
2123,263.72119140625,0.00587187366061902
2125,263.853546142578,0.00585653481882678
2126,263.987884521484,0.00584215821276091
2127,264.137054443359,0.0058287765987955
2130,264.253387451172,0.00581641452880658
2131,264.393768310547,0.00580508862779788
2132,264.526947021484,0.00579480780428819
2133,264.654266357422,0.00578557336051947
2134,264.801574707031,0.00577737899067162
2135,264.921905517578,0.0057702106797886
2136,265.054840087891,0.00576404654097165
2137,265.193817138672,0.00575885665005818
2138,265.320770263672,0.00575460295199052
2139,265.455780029297,0.00575123931847726
2141,265.589141845703,0.00574871183057054
2142,265.721496582031,0.00574695934217098
2143,265.855499267578,0.00574591435272459
2144,265.989837646484,0.00574550418266526
2145,266.122894287109,0.00574565240797276
2146,266.256866455078,0.00574628047573542
2147,266.394226074219,0.00574730939590156
2149,266.523559570312,0.00574866138961281
2150,266.656616210938,0.00575026137412347
2151,266.790588378906,0.00575203817868367
2153,266.923950195312,0.00575392541301222
2154,267.056915283203,0.00575586194623128
2155,267.195831298828,0.00575779199414942
2157,267.32568359375,0.00575966485088125
2158,267.457763671875,0.00576143433186106
2159,267.593963623047,0.00576305801570803
2160,267.610534667969,0.00576449638059967
2161,267.724334716797,0.00576571192756662
2163,267.866455078125,0.00576666837115939
2164,267.999603271484,0.00576732996118714
2165,268.124603271484,0.00576766098181099
2166,268.258972167969,0.00576762545947802
2167,268.396911621094,0.00576718710070181
2168,268.531890869141,0.00576630947433521
2169,268.658233642578,0.00576495644889301
2170,268.796600341797,0.0057630928908679
2171,268.924652099609,0.00576068562205534
2172,269.057983398438,0.00575770462082523
2173,269.197265625,0.00575412443382627
2174,269.325653076172,0.00574992574236826
2175,269.459014892578,0.00574509700479689
2176,269.596374511719,0.00573963607646267
2178,269.875946044922,0.00573355169619592
2179,269.996246337891,0.00572686472537354
2180,270.125610351562,0.00571960903394286
2181,270.259613037109,0.00571183194657572
2182,270.408996582031,0.00570359418923706
2185,270.5283203125,0.00569496930852565
2187,270.660675048828,0.00568604256942943
2188,270.796844482422,0.00567690936819294
2189,270.926910400391,0.00566767322323031
2190,271.069091796875,0.00565844342697859
2191,271.198425292969,0.00564933245491938
2192,271.326782226562,0.00564045323518999
2193,271.460784912109,0.00563191638418182
2194,271.607543945312,0.00562382751124594
2195,271.728363037109,0.00561628468980745
2196,271.867309570312,0.0056093761831801
2197,272.006042480469,0.0056031785012371
2198,272.136901855469,0.00559775484882283
2199,272.269287109375,0.00559315400856928
2200,272.396820068359,0.00558940968021923
2201,272.529174804688,0.00558654027680442
2202,272.665557861328,0.00558454915671426
2203,272.676574707031,0.00558342525172783
2204,272.796539306641,0.00558314403631546
2205,272.928894042969,0.00558366877435139
2206,273.065246582031,0.00558495197644217
2207,273.197601318359,0.00558693700401
2208,273.329956054688,0.00558955976372294
2209,273.477325439453,0.00559275044569123
2210,273.604675292969,0.00559643526851724
2212,273.730743408203,0.00560053820139972
2213,273.868682861328,0.00560498263633775
2214,274.006805419922,0.00560969298147111
2215,274.129089355469,0.0056145961404955
2216,274.268463134766,0.00561962283494927
2217,274.399810791016,0.00562470871892204
2219,274.531127929688,0.00562979523258197
2220,274.668518066406,0.00563483014454872
2221,274.7978515625,0.00563976774503318
2222,274.932495117188,0.00564456867162171
2223,275.068786621094,0.00564919937563333
2224,275.198028564453,0.00565363126572412
2225,275.332000732422,0.00565783959272305
2226,275.473388671875,0.00566180216157818
2227,275.597717285156,0.00566549796978707
2228,275.734497070312,0.00566890587536502
2229,275.867401123047,0.00567200339159148
2230,275.87841796875,0.00567476569227086
2231,276.003753662109,0.005677164892737
2232,276.137084960938,0.00567916965117933
2233,276.275543212891,0.00568074511445119
2235,276.401397705078,0.00568185321384104
2236,276.535766601562,0.00568245329990387
2237,276.666717529297,0.00568250309118529
2238,276.806213378906,0.00568195989900588
2239,276.9345703125,0.00568078207893575
2240,277.067596435547,0.00567893064904058
2241,277.202514648438,0.00567637100569399
2242,277.332885742188,0.00567307466032323
2243,277.472290039062,0.0056690209156063
2244,277.605651855469,0.00566419839801028
2245,277.736999511719,0.00565860636558536
2246,277.868347167969,0.00565225571580944
2247,278.003265380859,0.00564516962803396
2248,278.133605957031,0.00563738378862099
2249,278.277618408203,0.00562894616399905
2250,278.409973144531,0.00561991630725078
2251,278.537567138672,0.00561036420682951
2252,278.682342529297,0.00560036871047574
2253,278.816131591797,0.00559001558172301
2254,278.936431884766,0.0055793952684254
2255,279.071502685547,0.00556860048016101
2256,279.201477050781,0.0055577236820031
2257,279.335540771484,0.00554685461449652
2258,279.471923828125,0.00553607794330068
2259,279.603271484375,0.00552547112775064
2260,279.735626220703,0.0055151025777164
2261,279.876678466797,0.00550503014573798
2262,280.00390625,0.00549529997999237
2263,280.142272949219,0.00548594574638902
2264,280.271270751953,0.00547698821714837
2265,280.407653808594,0.00546843521920362
2266,280.537536621094,0.00546028193754045
2267,280.677734375,0.00545251157345671
2268,280.804565429688,0.00544509636199992
2269,280.942962646484,0.00543799895271321
2270,281.081329345703,0.0054311741502957
2271,281.08935546875,0.00542457099550907
2272,281.204406738281,0.00541813514239469
2273,281.343780517578,0.00541181145846932
2274,281.473083496094,0.00540554674451285
2275,281.604400634766,0.00539929244504393
2276,281.742431640625,0.0053930072044676
2277,281.878784179688,0.00538665912074222
2278,281.890838623047,0.00538022755983764
2279,282.004760742188,0.00537370441960129
2280,282.139739990234,0.00536709476824319
2281,282.272094726562,0.00536041682636393
2282,282.406005859375,0.00535370130746112
2283,282.546875,0.00534699017544594
2285,282.673217773438,0.00534033491491809
2286,282.806182861328,0.00533379443796661
2287,282.946319580078,0.00532743276852368
2288,283.09033203125,0.00532131665137114
2290,283.207641601562,0.00531551322822755
2291,283.340606689453,0.00531008790896418
2292,283.474975585938,0.00530510254333429
2293,283.611053466797,0.00530061396937863
2294,283.739898681641,0.0052966729809375
2295,283.873565673828,0.00529332372086927
2296,284.007904052734,0.00529060347141483
2297,284.145080566406,0.00528854278164826
2298,284.283447265625,0.00528716584704736
2299,284.406768798828,0.00528649104039923
2300,284.541656494141,0.00528653148818645
2301,284.675109863281,0.00528729559278988
2302,284.808471679688,0.00528878741750367
2303,284.942413330078,0.00529100687644328
2304,285.087829589844,0.00529394970188209
2305,285.099853515625,0.00529760719370622
2306,285.209075927734,0.00530196578572366
2307,285.342102050781,0.00530700648805764
2308,285.482482910156,0.00531270428116273
2309,285.609832763672,0.00531902754363997
2310,285.744201660156,0.00532593759284305
2311,285.88525390625,0.0053333884054291
2312,286.012603759766,0.0053413265667938
2313,286.144256591797,0.00534969147674006
2314,286.276123046875,0.00535841581697966
2315,286.418487548828,0.00536742626706411
2316,286.554168701172,0.00537664444122899
2317,286.676483154297,0.00538598801050284
2318,286.813873291016,0.00539537197221098
2319,286.943176269531,0.00540471003157959
2320,287.076538085938,0.00541391606560006
2321,287.2119140625,0.00542290564529521
2322,287.343566894531,0.00543159759665276
2323,287.477233886719,0.00543991558077097
2324,287.6123046875,0.0054477896690067
2325,287.756683349609,0.00545515787906879
2326,287.884033203125,0.0054619676243125
2327,288.012329101562,0.00546817701348782
2328,288.146697998047,0.00547375592533292
2330,288.291076660156,0.00547868677546441
2331,288.296112060547,0.00548296489529892
2332,288.412414550781,0.00548659845625967
2333,288.544525146484,0.00548960789739849
2334,288.688903808594,0.00549202484880903
2335,288.812774658203,0.0054938905829672
2336,288.944061279297,0.00549525406636523
2337,289.081939697266,0.0054961697191912
2338,289.212860107422,0.00549669501671819
2339,289.345703125,0.00549688807931434
2340,289.481567382812,0.00549680539722875
2341,289.612487792969,0.00549649982209224
2342,289.746978759766,0.00549601893153168
2343,289.884826660156,0.00549540383967412
2344,290.021179199219,0.00549468848841344
2345,290.153411865234,0.00549389941598663
2346,290.283752441406,0.00549305596418323
2347,290.421752929688,0.00549217085630234
2348,290.553741455078,0.00549125105690905
2349,290.683624267578,0.00549029881279096
2350,290.8134765625,0.00548931277264274
2351,290.947326660156,0.00548828909040415
2352,291.087738037109,0.0054872224325165
2353,291.214141845703,0.0054861068306039
2354,291.356536865234,0.00548493634563412
2355,291.484619140625,0.00548370553454239
2356,291.613677978516,0.00548240973265442
2357,291.748565673828,0.0054810451823937
2358,291.890441894531,0.0054796090487929
2359,292.025360107422,0.00547809936440399
2360,292.14892578125,0.00547651494075695
2361,292.284484863281,0.00547485527228636
2362,292.415771484375,0.00547312044441335
2363,292.550140380859,0.00547131104356787
2364,292.690124511719,0.00546942805658251
2365,292.821472167969,0.00546747274248714
2366,292.949859619141,0.00546544646232446
2367,293.087799072266,0.00546335046158754
2368,293.217132568359,0.00546118561311526
2369,293.349243164062,0.00545895214255931
2370,293.484619140625,0.00545664937030205
2371,293.618682861328,0.00545427550986215
2372,293.750549316406,0.0054518275614371
2373,293.890289306641,0.00544930132992449
2374,294.017639160156,0.00544669158077854
2375,294.150146484375,0.00544399232694088
2376,294.296539306641,0.00544119721914135
2378,294.423278808594,0.00543829999351704
2379,294.550628662109,0.00543529491769734
2380,294.684967041016,0.00543217717131616
2381,294.825958251953,0.00542894310030549
2382,294.952789306641,0.00542559029613655
2383,295.085235595703,0.00542211747022924
2384,295.219299316406,0.00541852411802493
2386,295.357147216797,0.00541480999406486
2387,295.48486328125,0.00541097444579902
2388,295.618225097656,0.0054070156766251
2389,295.757080078125,0.00540293002490291
2390,295.884674072266,0.0053987113530729
2391,296.018737792969,0.00539435063812756
2392,296.15185546875,0.00538983584132901
2393,296.285766601562,0.00538515211230189
2395,296.552459716797,0.00538028235269217
2396,296.685211181641,0.00537520813056701
2397,296.819580078125,0.00536991090217416
2398,296.953948974609,0.00536437346609527
2399,297.086303710938,0.00535858154931692
2400,297.219665527344,0.005352525407723
2401,297.353515625,0.00534620131657478
2402,297.486297607422,0.00533961283041643
2403,297.619659423828,0.00533277170637978
2404,297.754211425781,0.00532569840905145
2405,297.888061523438,0.005318422147037
2406,298.020416259766,0.00531098042842712
2407,298.15576171875,0.00530341816120334
2408,298.288116455078,0.00529578636151503
2409,298.421478271484,0.00528814056407868
2410,298.554840087891,0.00528053905159881
2411,298.687896728516,0.00527304103196042
2412,298.821258544922,0.00526570489210456
2413,298.956115722656,0.00525858664636312
2414,299.092987060547,0.00525173867611054
2415,299.222320556641,0.00524520882921826
2416,299.355194091797,0.00523903991477415
2417,299.488067626953,0.00523326959382703
2418,299.623382568359,0.00522793063346365
2419,299.757232666016,0.00522305146206749
2421,299.888092041016,0.00521865694059368
2422,300.025329589844,0.00521476925013025
2423,300.157165527344,0.00521140879127729
2424,300.290557861328,0.00520859499646921
2425,300.422912597656,0.00520634697173747
2426,300.556762695312,0.00520468390785762
2427,300.690307617188,0.0052036252295954
2428,300.822662353516,0.00520319048236621
2429,300.955993652344,0.00520339898428583
2430,301.089904785156,0.00520426929483482
2431,301.223754882812,0.00520581856651053
2432,301.357116699219,0.00520806185142179
2433,301.490478515625,0.00521101143070194
2434,301.624847412109,0.00521467622213055
2435,301.758178710938,0.00521906130281982
2436,301.891143798828,0.0052241675622936
2437,302.024505615234,0.00522999148004285
2438,302.157379150391,0.00523652500369
2439,302.292236328125,0.00524375549155647
2440,302.425598144531,0.0052516656780358
2441,302.56201171875,0.00526023362193464
2442,302.69189453125,0.00526943260597347
2443,302.825775146484,0.00527923096817402
2444,302.958679199219,0.00528959186059652
2445,303.093658447266,0.00530047294539904
2446,303.226013183594,0.00531182605035206
2447,303.359954833984,0.00532359681429048
2448,303.493896484375,0.00533572435694187
2449,303.627258300781,0.00534814100746856
2450,303.759338378906,0.0053607721230072
2451,303.892639160156,0.00537353602404714
2452,304.027648925781,0.00538634406928615
2453,304.15966796875,0.0053991008899221
2454,304.2939453125,0.00541170480278189
2455,304.429321289062,0.0054240484229863
2456,304.559661865234,0.00543601949884632
2457,304.697448730469,0.00544750199254094
2458,304.827545166016,0.00545837742767445
2459,304.960510253906,0.00546852651706663
2460,305.097442626953,0.00547783106982086
2461,305.228271484375,0.00548617615575324
2462,305.360626220703,0.00549345247901775
2463,305.502014160156,0.00549955888404802
2466,305.773010253906,0.0055044048896945
2467,305.9013671875,0.0055079131261082
2468,306.030212402344,0.00551002153764526
2469,306.161254882812,0.0055106852168534
2470,306.300323486328,0.00550987775068119
2471,306.430236816406,0.00550759198953009
2472,306.561584472656,0.0055038401896918
2473,306.700897216797,0.00549865352552391
2474,306.8291015625,0.00549208101402302
2475,306.964141845703,0.00548418793592097
2476,307.100921630859,0.00547505386961355
2477,307.230255126953,0.0054647704741859
2478,307.363250732422,0.00545343916434389
2479,307.500244140625,0.00544116881370815
2480,307.631591796875,0.00542807360554027
2481,307.763580322266,0.00541427112427584
2482,307.900543212891,0.00539988075034745
2483,308.03173828125,0.00538502238779449
2484,308.165710449219,0.00536981552192834
2485,308.300689697266,0.00535437857532672
2486,308.431030273438,0.00533882850670673
2487,308.564392089844,0.00532328058031609
2488,308.700408935547,0.00530784822435246
2489,308.8427734375,0.00529264289586642
2491,308.966125488281,0.00527777387618542
2492,309.100494384766,0.0052633479339659
2493,309.231567382812,0.00524946881082827
2494,309.365509033203,0.00523623650513362
2495,309.504608154297,0.00522374635079734
2496,309.632598876953,0.00521208790835032
2497,309.765563964844,0.00520134370344652
2498,309.906219482422,0.0051915878628432
2499,310.032562255859,0.00518288470910135
2500,310.168792724609,0.00517528738264116
2501,310.310394287109,0.00516883656319788
2502,310.320434570312,0.00516355936202209
2503,310.432250976562,0.00515946845127332
2504,310.569152832031,0.00515656148805068
2505,310.701232910156,0.00515482087777599
2506,310.834533691406,0.00515421390597541
2507,310.969604492188,0.00515469325005949
2508,311.100524902344,0.00515619786490254
2509,311.233276367188,0.00515865421934421
2510,311.375213623047,0.00516197784645564
2511,311.503295898438,0.00516607515940476
2512,311.634643554688,0.00517084547737252
2513,311.773986816406,0.00517618320204709
2514,311.901611328125,0.00518198008418487
2515,312.035217285156,0.00518812752078731
2516,312.171508789062,0.00519451882580371
2517,312.307403564453,0.00520105142029972
2518,312.435241699219,0.00520762889135339
2519,312.572174072266,0.00521416287246131
2520,312.703094482422,0.0052205747020903
2521,312.837463378906,0.00522679682148538
2522,312.848480224609,0.00523277387829779
2523,312.972808837891,0.00523846350937747
2524,313.104187011719,0.00524383678444593
2525,313.234283447266,0.00524887830243064
2526,313.377655029297,0.00525358594385151
2527,313.506591796875,0.00525797029533121
2528,313.635955810547,0.00526205377522756
2529,313.774230957031,0.00526586950144115
2530,313.903442382812,0.0052694599523851
2531,314.036804199219,0.00527287547878813
2532,314.175964355469,0.005276172726694
2533,314.308319091797,0.00527941303056913
2534,314.436645507812,0.00528266083033407
2535,314.57177734375,0.00528598215841512
2536,314.704956054688,0.00528944323383889
2537,314.839324951172,0.0052931091911345
2538,314.973663330078,0.00529704296314253
2539,315.105041503906,0.00530130432899433
2540,315.242950439453,0.00530594913127346
2541,315.373321533203,0.00531102865919921
2542,315.504669189453,0.00531658918713997
2543,315.637725830078,0.00532267164980278
2544,315.783599853516,0.00532931142753994
2545,315.905487060547,0.00533653820841953
2546,316.038421630859,0.0053443758894708
2547,316.173461914062,0.00535284247936589
2548,316.307830810547,0.00536194996995707
2549,316.439788818359,0.00537170415510974
2550,316.455841064453,0.00538210439177972
2551,316.573150634766,0.00539314331886048
2552,316.706512451172,0.00540480657158621
2553,316.838775634766,0.00541707255011442
2554,316.97314453125,0.00542991231690218
2555,317.106506347656,0.00544328970538327
2556,317.244873046875,0.0054571617197009
2557,317.373016357422,0.00547147929049031
2558,317.513977050781,0.00548618842512189
2559,317.641326904297,0.00550123175431472
2560,317.775695800781,0.00551655043416055
2561,317.908599853516,0.0055320863182057
2562,318.044036865234,0.00554778427387294
2563,318.177032470703,0.00556359448665193
2565,318.308227539062,0.00557947457873565
2566,318.442413330078,0.0055953913690882
2567,318.575775146484,0.00561132212010401
2568,318.707000732422,0.00562725515053924
2569,318.841369628906,0.00564318974161791
2570,318.979248046875,0.00565913531791289
2571,319.127136230469,0.0056751099407664
2573,319.242462158203,0.00569113820372704
2574,319.379486083984,0.00570724866170939
2575,319.508758544922,0.00572347095475987
2576,319.642181396484,0.00573983280161461
2577,319.775054931641,0.00575635703757211
2578,319.908966064453,0.00577305885698054
2579,320.044982910156,0.00578994339540499
2580,320.177337646484,0.00580700375359207
2581,320.319732666016,0.00582421952838752
2583,320.443756103516,0.00584155587857024
2584,320.578979492188,0.00585896311971264
2585,320.710021972656,0.00587637681470623
2586,320.842926025391,0.00589371830769617
2587,320.976531982422,0.00591089563988782
2588,321.109313964844,0.00592780478571476
2589,321.245239257812,0.00594433115551957
2590,321.381622314453,0.0059603513233877
2591,321.509704589844,0.00597573495259818
2592,321.650085449219,0.00599034690273769
2593,321.781311035156,0.00600404950884943
2595,321.917236328125,0.00601670502212646
2597,322.04541015625,0.0060281781930952
2598,322.186279296875,0.00603833896292982
2599,322.311614990234,0.00604706520873645
2600,322.454010009766,0.00605424546748855
2601,322.585906982422,0.00605978154432309
2602,322.711761474609,0.00606359089753597
2603,322.847717285156,0.00606560868765817
2605,322.985717773438,0.00606578938328038
2606,323.111877441406,0.00606410783241879
2607,323.253234863281,0.0060605597344427
2608,323.387603759766,0.00605516148191175
2609,323.512786865234,0.00604794938104876
2610,323.647155761719,0.0060389783002564
2611,323.789276123047,0.00602831983405947
2613,323.912567138672,0.00601606010128941
2614,324.047485351562,0.00600229731799103
2615,324.180847167969,0.00598713929512279
2616,324.324615478516,0.00597070100751702
2617,324.447021484375,0.0059531023639539
2618,324.585388183594,0.00593446628012391
2620,324.605438232422,0.00591491711952255
2621,324.715728759766,0.00589457952580531
2622,324.847106933594,0.00587357762838575
2623,324.982055664062,0.00585203456580914
2624,325.126770019531,0.00583007224296882
2626,325.248107910156,0.00580781122178595
2627,325.382476806641,0.00578537064221427
2628,325.517822265625,0.00576286808116028
2629,325.649169921875,0.00574041927905193
2630,325.7822265625,0.0057181376937072
2631,325.915588378906,0.00569613387422969
2632,326.051940917969,0.00567451467904894
2633,326.185943603516,0.00565338238764392
2634,326.321899414062,0.00563283377185793
2635,326.449249267578,0.00561295919855717
2636,326.582214355469,0.00559384183091185
2637,326.716583251953,0.00557555698246097
2638,326.848937988281,0.00555817165905817
2639,326.985321044922,0.00554174430196107
2640,327.117614746094,0.00552632472384996
2641,327.249694824219,0.00551195421110553
2642,327.385070800781,0.00549866575217047
2643,327.5234375,0.0054864843443513
2644,327.658813476562,0.00547542733023438
2645,327.788146972656,0.00546550471950148
2646,327.920501708984,0.00545671946125155
2647,328.061828613281,0.00544906764447482
2648,328.189178466797,0.0054425386183921
2649,328.322540283203,0.00543711503830103
2650,328.450866699219,0.00543277285492813
2651,328.588256835938,0.00542948127504079
2652,328.716979980469,0.00542720272768023
2653,328.864868164062,0.0054258928737625
2654,328.989196777344,0.00542550069724644
2655,329.118194580078,0.00542596871405339
2656,329.251525878906,0.00542723333091273
2657,329.387878417969,0.00542922538062483
2658,329.518096923828,0.00543187085301419
2659,329.653442382812,0.00543509183207039
2660,329.795837402344,0.00543880763939318
2661,329.919128417969,0.0054429361721241
2662,330.052429199219,0.00544739541035374
2663,330.192810058594,0.00545210505513494
2664,330.320190429688,0.00545698824460376
2665,330.453521728516,0.00546197328343564
2666,330.595916748047,0.00546699531118027
2667,330.720855712891,0.00547199782913523
2668,330.853210449219,0.00547693400438821
2669,330.993286132812,0.00548176767425291
2670,331.124633789062,0.00548647398493897
2671,331.257995605469,0.00549103961485523
2672,331.388336181641,0.00549546255483702
2673,331.520385742188,0.00549975144362281
2674,331.653778076172,0.00550392448533062
2675,331.793670654297,0.00550800800426595
2676,331.920806884766,0.00551203471859629
2677,332.057678222656,0.00551604183566496
2679,332.187805175781,0.00552006908566829
2680,332.32177734375,0.00552415681533949
2681,332.473205566406,0.00552834425826597
2683,332.590118408203,0.00553266808361492
2684,332.721893310547,0.00553716130149033
2685,332.855529785156,0.00554185257296121
2686,332.992889404297,0.00554676593876781
2687,333.122741699219,0.0055519209460261
2688,333.255615234375,0.00555733312018371
2689,333.387969970703,0.00556301470304173
2690,333.521820068359,0.00556897555927248
2691,333.655700683594,0.00557522414512003
2692,333.793060302734,0.00558176843442289
2693,333.922912597656,0.00558861670819908
2694,334.055755615234,0.00559577813318331
2695,334.188781738281,0.00560326307946284
2696,334.323638916016,0.0056110831547796
2697,334.457092285156,0.00561925096013998
2698,334.591033935547,0.00562777959545753
2699,334.724517822266,0.00563668196313352
2700,334.859375,0.00564596993075071
2701,334.991729736328,0.00565565342130888
2702,335.124694824219,0.00566573950124288
2703,335.258850097656,0.00567623153377579
2704,335.389801025391,0.00568712845894021
2705,335.52392578125,0.00569842425260761
2706,335.657043457031,0.00571010760556103
2707,335.790344238281,0.00572216185028062
2708,335.925720214844,0.00573456514792306
2709,336.05859375,0.00574729093141115
2710,336.192077636719,0.00576030858341921
2711,336.324432373047,0.00577358431153085
2712,336.474853515625,0.00578708216838958
2714,336.487884521484,0.00580076515369831
2715,336.597778320312,0.00581459632862722
2716,336.726013183594,0.00582853987226914
2717,336.864349365234,0.00584256201438388
2718,336.992706298828,0.0058566317884018
2719,337.132751464844,0.00587072156268889
2720,337.26611328125,0.00588480732528395
2721,337.393463134766,0.00589886871638601
2722,337.527526855469,0.00591288882234679
2723,337.660858154297,0.00592685376327523
2724,337.792602539062,0.0059407521220266
2725,337.927459716797,0.00595457427385119
2726,338.073364257812,0.00596831168208837
2727,338.194702148438,0.0059819562252139
2728,338.329559326172,0.00599549961406931
2729,338.4619140625,0.00600893294566852
2730,338.601470947266,0.00602224642267535
2731,338.728302001953,0.00603542924709396
2732,338.862182617188,0.00604846967490424
2733,339.003570556641,0.00606135519749264
2734,339.130554199219,0.0060740727979804
2735,339.262908935547,0.00608660921798145
2736,339.395294189453,0.00609895116463628
2737,339.529144287109,0.00611108539013519
2738,339.663024902344,0.00612299858680981
2739,339.796203613281,0.00613467705980499
2740,339.929840087891,0.00614610616496597
2741,340.063385009766,0.00615726952960771
2742,340.198760986328,0.00616814810527413
2743,340.340911865234,0.00617871913101717
2745,340.463256835938,0.00618895510965429
2746,340.605651855469,0.00619882291477031
2747,340.731231689453,0.00620828315050204
2748,340.865081787109,0.00621728987797023
2749,340.995452880859,0.00622579080138234
2750,341.138336181641,0.00623372797437199
2751,341.264709472656,0.0062410390453597
2752,341.396545410156,0.00624765901302922
2753,341.529388427734,0.006253522413724
2754,341.663787841797,0.00625856581656765
2755,341.796936035156,0.00626273046443931
2756,341.930816650391,0.00626596487425527
2757,342.077270507812,0.00626822720201551
2758,342.206115722656,0.00626948718888384
2759,342.331939697266,0.00626972753421686
2760,342.464904785156,0.00626894458761439
2761,342.601379394531,0.00626714831011932
2762,342.732208251953,0.00626436151823116
2763,342.873107910156,0.00626061848605757
2764,342.882141113281,0.00625596303351622
2765,343.009460449219,0.00625044626612001
2766,343.1328125,0.00624412415084345
2767,343.278594970703,0.00623705511190351
2768,343.401519775391,0.00622929781171856
2769,343.537902832031,0.00622090924976496
2770,343.67626953125,0.00621194327083246
2771,343.8095703125,0.00620244952998521
2772,343.938934326172,0.0061924729195625
2773,344.078094482422,0.00618205342783783
2776,344.204437255859,0.00617122637201565
2777,344.339324951172,0.00616002293105276
2778,344.465148925781,0.00614847089597223
2779,344.604125976562,0.00613659555553986
2780,344.734588623047,0.00612442064147587
2781,344.754119873047,0.00611196926768488
2782,344.867218017578,0.00609926481035024
2783,345.005310058594,0.00608633168855993
2784,345.136169433594,0.00607319601728888
2785,345.277038574219,0.0060598861154254
2786,345.408386230469,0.00604643286089217
2787,345.53515625,0.00603286989286398
2788,345.677581787109,0.00601923366784223
2789,345.806945800781,0.00600556338208968
2790,345.936279296875,0.00599190077767023
2791,346.069610595703,0.00597828985287638
2792,346.209991455078,0.00596477649979087
2793,346.335845947266,0.00595140809171661
2794,346.4697265625,0.00593823304097472
2795,346.608093261719,0.00592530034319587
2796,346.737518310547,0.00591265911822671
2797,346.8701171875,0.00590035815104448
2798,347.005493164062,0.00588844542975134
2799,347.139373779297,0.0058769676729072
2800,347.270233154297,0.00586596983594264
2801,347.40625,0.00585549458645415
2802,347.53662109375,0.00584558174053694
2803,347.670989990234,0.00583626765623456
2804,347.804351806641,0.00582758458476798
2805,347.937347412109,0.00581955998466191
2806,348.07470703125,0.00581221580779634
2807,348.204071044922,0.00580556776984633
2808,348.347961425781,0.00579962462101511
2809,348.480163574219,0.00579438743707642
2810,348.60400390625,0.00578984895603558
2811,348.737915039062,0.00578599299224464
2812,348.874298095703,0.00578279396694968
2813,349.004638671875,0.00578021660071227
2814,349.138977050781,0.00577821581715491
2815,349.277374267578,0.00577673690713824
2816,349.408294677734,0.00577571599623669
2817,349.538391113281,0.00577508084546636
2818,349.673736572266,0.0057747519959369
2819,349.815124511719,0.00577464424391528
2820,349.9384765625,0.00577466840618572
2821,350.076599121094,0.00577473330969526
2822,350.208801269531,0.00577474791756915
2823,350.340118408203,0.00577462348855682
2824,350.476501464844,0.00577427566087128
2825,350.606872558594,0.0057736263551001
2826,350.745239257812,0.00577260540402046
2828,350.876586914062,0.0057711518382087
2829,351.011932373047,0.00576921478286985
2830,351.145294189453,0.00576675395038068
2831,351.276672363281,0.00576373974159645
2832,351.409027099609,0.00576015299425949
2833,351.541381835938,0.00575598443671104
2834,351.675628662109,0.00575123391819804
2835,351.807983398438,0.00574590949292734
2836,351.940338134766,0.00574002643404292
2837,352.076293945312,0.00573360624698156
2838,352.208648681641,0.00572667574075687
2839,352.341003417969,0.00571926620237969
2840,352.480377197266,0.00571141270549574
2841,352.608734130859,0.00570315357072395
2842,352.741943359375,0.00569452998292892
2843,352.876831054688,0.00568558576002748
2844,353.008697509766,0.00567636725871542
2845,353.141693115234,0.00566692339424087
2846,353.276031494141,0.00565730574358848
2847,353.409393310547,0.00564756869401579
2848,353.542755126953,0.00563776959215025
2849,353.676116943359,0.00562796884372288
2850,353.809478759766,0.00561822991181032
2851,353.956817626953,0.00560861916359205
2852,354.076141357422,0.00559920552317189
2853,354.209503173828,0.00559005990127775
2854,354.342864990234,0.00558125439094757
2855,354.476226806641,0.00557286123991864
2856,354.610595703125,0.00556495163286923
2857,354.742950439453,0.00555759433708715
2858,354.876983642578,0.00555085428091594
2859,355.011352539062,0.00554479114345843
2860,355.1455078125,0.00553945803544726
2861,355.275848388672,0.00553490034491042
2862,355.410797119141,0.00553115480818749
2863,355.545166015625,0.00552824884863122
2864,355.677459716797,0.00552620020405204
2865,355.814849853516,0.00552501684193605
2866,355.94580078125,0.00552469714100115
2867,356.077178955078,0.00552523030089439
2868,356.211517333984,0.00552659693057332
2869,356.346893310547,0.00552876976139984
2870,356.483276367188,0.00553171443368739
2871,356.611572265625,0.00553539031489741
2872,356.745941162109,0.00553975132233579
2873,356.880310058594,0.00554474674051738
2874,357.011688232422,0.00555032204008998
2875,357.146026611328,0.00555641971785454
2876,357.278961181641,0.00556298018291259
2877,357.412231445312,0.00556994271032078
2878,357.546264648438,0.00557724647047975
2879,357.679412841797,0.0055848316213927
2880,357.813781738281,0.00559264042529788
2881,357.945129394531,0.00560061832575888
2882,358.079498291016,0.00560871490136095
2883,358.212860107422,0.00561688460249741
2884,358.354766845703,0.00562508718164104
2886,358.480621337891,0.00563328774604184
2887,358.613983154297,0.00564145639344193
2888,358.747314453125,0.00564956743218068
2889,358.88134765625,0.0056575982312094
2890,359.015380859375,0.00566552778649059
2891,359.153289794922,0.00567333512185979
2892,359.281005859375,0.0056809976600166
2893,359.420379638672,0.00568848970055433
2894,359.547729492188,0.00569578112720291
2895,359.680725097656,0.0057028364386838
2896,359.816101074219,0.00570961416165321
2897,359.948150634766,0.00571606666603899
2898,360.081512451172,0.00572214036845852
2899,360.215881347656,0.00572777628300593
2900,360.357269287109,0.00573291086327113
2901,360.482604980469,0.00573747707546565
2902,360.61572265625,0.00574140564823779
2903,360.752990722656,0.00574462645671576
2904,360.885223388672,0.00574707001218956
2905,360.897247314453,0.00574866904035687
2906,361.022155761719,0.00574936013688781
2907,361.151123046875,0.00574908548746166
2908,361.284271240234,0.00574779463050593
2909,361.417633056641,0.00574544622646236
2910,361.555999755859,0.00574200978060997
2911,361.686370849609,0.00573746725093949
2912,361.817718505859,0.00573181446175088
2913,361.950012207031,0.005725062240138
2914,361.962036132812,0.00571723719766636
2915,362.084869384766,0.00570838209326925
2916,362.216705322266,0.00569855573434658
2917,362.351928710938,0.00568783239898686
2918,362.497314453125,0.00567630079038976
2919,362.617279052734,0.00566406256211836
2920,362.751220703125,0.00565123047719324
2921,362.895202636719,0.00563792628317682
2922,363.028564453125,0.00562427839781712
2923,363.151885986328,0.00561041950472476
2924,363.285736083984,0.00559648415584217
2925,363.424621582031,0.00558260646772446
2926,363.552978515625,0.00556891798314265
2927,363.685821533203,0.00555554575005043
2928,363.819213867188,0.00554261064870329
2929,363.95361328125,0.00553022597696611
2930,364.090484619141,0.00551849628568979
2931,364.219451904297,0.00550751644210656
2932,364.355834960938,0.00549737089045225
2933,364.494201660156,0.00548813307568586
2934,364.620544433594,0.00547986499776637
2935,364.752899169922,0.00547261686947202
2936,364.892272949219,0.00546642685895028
2937,365.033599853516,0.00546132090780163
2938,365.179351806641,0.00545731262544185
2939,365.296936035156,0.00545440326993224
2940,365.420867919922,0.00545258183380867
2941,365.555236816406,0.00545182526016107
2943,365.690093994141,0.00545209881874169
2944,365.826965332031,0.00545335667350922
2946,365.846038818359,0.00545554267095173
2947,365.955322265625,0.00545859137206158
2948,366.100708007812,0.00546242933958773
2949,366.234954833984,0.00546697667638991
2950,366.242980957031,0.0054721487913669
2951,366.361297607422,0.00547785834831951
2952,366.496673583984,0.00548401733265497
2953,366.622009277344,0.00549053915374713
2954,366.75634765625,0.00549734068958315
2955,366.892822265625,0.0055043441769717
2956,367.020660400391,0.00551147885596539
2957,367.156036376953,0.00551868229091654
2958,367.295562744141,0.00552590131115098
2959,367.424285888672,0.0055330925390174
2960,367.557647705078,0.00554022249891694
2961,367.702056884766,0.00554726732474865
2962,367.831390380859,0.00555421210255691
2963,367.957733154297,0.00556104989862941
2964,368.0927734375,0.00556778053070472
2965,368.223114013672,0.0055744091422658
2966,368.357482910156,0.00558094463882104
2967,368.504943847656,0.00558739804252853
2968,368.629272460938,0.00559378081911029
2969,368.756622314453,0.0056001032296622
2970,368.900970458984,0.00560637275979736
2971,369.024322509766,0.0056125926789698
2972,369.165710449219,0.00561876078279842
2973,369.312683105469,0.00562486836968719
2975,369.423797607422,0.00563089949920249
2976,369.569183349609,0.00563683057311531
2977,369.693420410156,0.00564263027073081
2978,369.823669433594,0.00564825985834702
2979,369.965057373047,0.00565367387871896
2980,370.09814453125,0.00565882121051766
2981,370.227111816406,0.00566364647018722
2982,370.368347167969,0.00566809170964536
2983,370.50244140625,0.00567209834360026
2984,370.625762939453,0.00567560922106067
2985,370.764129638672,0.00567857073869785
2986,370.893341064453,0.00568093488134347
2987,371.025695800781,0.00568266106946025
2988,371.1748046875,0.00568371769689433
2989,371.293304443359,0.00568408325570451
2990,371.426147460938,0.00568374696818292
2991,371.564056396484,0.00568270887775934
2992,371.702911376953,0.00568097938752442
2993,371.827270507812,0.00567857827403307
2994,371.964599609375,0.00567553324105411
2995,372.100982666016,0.00567187810956012
2996,372.228332519531,0.00566765076383814
2998,372.364379882812,0.00566289098751697
2999,372.5048828125,0.00565763832698984
3000,372.6357421875,0.00565193011353171
3001,372.76708984375,0.0056457997604449
3002,372.780120849609,0.00563927542936283
3003,372.895538330078,0.00563237913222972
3004,373.027984619141,0.00562512630446167
3005,373.161346435547,0.00561752585250723
3006,373.300048828125,0.00560958064767429
3008,373.436920166016,0.00560128840988955
3009,373.449951171875,0.00559264290208345
3010,373.563262939453,0.00558363533987129
3011,373.695617675781,0.00557425591326696
3012,373.829986572266,0.00556449531767575
3013,373.970367431641,0.00555434619986042
3014,374.097686767578,0.00554380443964043
3015,374.229736328125,0.00553287020782554
3016,374.367095947266,0.00552154876299748
3017,374.376129150391,0.00550985097186199
3018,374.498474121094,0.00549779355780524
3020,374.629821777344,0.0054853990981979
3021,374.76318359375,0.00547269580164004
3022,374.905120849609,0.00545971710115022
3024,375.029449462891,0.00544650109848011
3025,375.169830322266,0.00543308988932975
3026,375.297180175781,0.00541952879108904
3027,375.429260253906,0.00540586548626617
3028,375.564605712891,0.00539214908861009
3029,375.708648681641,0.00537842913738036
3030,375.830963134766,0.00536475452964936
3031,375.967315673828,0.0053511724109553
3032,376.105804443359,0.00533772705951774
3033,376.118347167969,0.00532445881563744
3034,376.236450195312,0.00531140312201165
3035,376.365814208984,0.00529858974858973
3036,376.502960205078,0.00528604227412187
3037,376.631195068359,0.00527377788406777
3038,376.764556884766,0.00526180752132776
3039,376.897918701172,0.00525013639462892
3040,377.042297363281,0.00523876481328743
3041,377.167633056641,0.00522768928141081
3042,377.300231933594,0.00521690375449206
3043,377.432067871094,0.00520640094117513
3044,377.568084716797,0.00519617352573138
3046,377.700958251953,0.00518621519362368
3047,377.832824707031,0.0051765213626336
3048,377.968017578125,0.00516708955283403
3049,378.100250244141,0.00515791936639727
3050,378.245635986328,0.00514901208843146
3052,378.368896484375,0.00514036995838681
3053,378.502319335938,0.00513199519432837
3054,378.634185791016,0.0051238888767443
3055,378.769073486328,0.00511604981280807
3057,378.900939941406,0.00510847350537154
3058,379.038818359375,0.00510115134344048
3059,379.168670654297,0.00509407011308925
3060,379.300598144531,0.00508721190084642
3061,379.435943603516,0.00508055442723494
3062,379.582946777344,0.00507407180877619
3063,379.705291748047,0.00506773570554233
3064,379.833648681641,0.00506151677216525
3065,379.968719482422,0.00505538629740504
3066,380.101959228516,0.00504931789513443
3067,380.235931396484,0.00504328910123421
3068,380.377899169922,0.00503728273814216
3069,380.502838134766,0.00503128793124348
3070,380.636199951172,0.00502530069624243
3071,380.780578613281,0.00501932405947366
3072,380.910980224609,0.00501336771799365
3074,381.037322998047,0.00500744728732412
3075,381.169677734375,0.00500158321695225
3076,381.304565429688,0.00499579947397485
3077,381.436370849609,0.00499012210263813
3078,381.570739746094,0.00498457776308416
3079,381.7041015625,0.00497919233903526
3080,381.837738037109,0.00497398968490185
3081,381.970703125,0.00496899056140766
3082,382.105651855469,0.00496421178827969
3083,382.24365234375,0.00495966562498908
3084,382.377624511719,0.00495535937718384
3085,382.505584716797,0.00495129521774037
3086,382.639953613281,0.00494747020705579
3087,382.775329589844,0.00494387649659409
3088,382.914703369141,0.00494050170170398
3089,383.046051025391,0.00493732943299601
3090,383.177398681641,0.00493433997860293
3091,383.311767578125,0.00493151113099081
3092,383.439849853516,0.0049288191504383
3093,383.578216552734,0.0049262398521659
3094,383.710083007812,0.0049237497953822
3095,383.839935302734,0.00492132754101716
3096,384.000366210938,0.00491895493215755
3097,384.123687744141,0.00491661833922867
3098,384.258056640625,0.00491430980299879
3099,384.372985839844,0.0049120280045076
3100,384.508361816406,0.0049097789934106
3101,384.640380859375,0.00490757661544489
3102,384.772735595703,0.00490544259518281
3103,384.908752441406,0.00490340625042311
3104,385.052734375,0.00490150383728916
3105,385.181884765625,0.00489977754792875
3106,385.307800292969,0.00489827420341363
3107,385.441772460938,0.00489704370134984
3109,385.578155517578,0.0048961372899043
3110,385.709197998047,0.00489560574720732
3111,385.841552734375,0.00489549754769269
3112,385.977722167969,0.0048958570954014
3113,386.127136230469,0.0048967230991001
3115,386.249450683594,0.00489812715560693
3116,386.377410888672,0.0049000925962218
3117,386.507751464844,0.00490263363692049
3118,386.643127441406,0.00490575485654017
3119,386.780700683594,0.00490945100950889
3120,386.9140625,0.0049137071621312
3121,387.050384521484,0.00491849912568543
3122,387.180328369141,0.00492379414725268
3123,387.311676025391,0.00492955181153431
3124,387.443023681641,0.00493572510446111
3125,387.579010009766,0.004942261591778
3126,387.71337890625,0.00494910467171978
3127,387.849731445312,0.00495619486843826
3128,387.980621337891,0.00496347113983538
3129,388.108459472656,0.00497087217805645
3130,388.243835449219,0.0049783376820686
3131,388.388122558594,0.00498580957959348
3132,388.515472412109,0.00499323317144334
3133,388.644836425781,0.00500055816715506
3134,388.780517578125,0.0050077395791574
3135,388.917694091797,0.0050147384455641
3136,389.045043945312,0.0050215223600362
3137,389.180206298828,0.00502806580053363
3138,389.310119628906,0.00503435026525503
3139,389.444305419922,0.00504036424065047
3140,389.580322265625,0.00504610303971202
3141,389.710266113281,0.00505156855587826
3142,389.845153808594,0.00505676897709523
3143,389.999053955078,0.0050617184957674
3145,390.008087158203,0.00506643703514117
3146,390.112365722656,0.00507094999410769
3147,390.243713378906,0.00507528799424856
3148,390.380096435547,0.00507948659885274
3149,390.511444091797,0.0050835859664142
3150,390.647796630859,0.0050876304021317
3151,390.781158447266,0.00509166777982587
3152,390.913513183594,0.00509574882155649
3153,391.046875,0.00509992624008008
3155,391.181243896484,0.00510425376678933
3156,391.325653076172,0.00510878510196022
3157,391.446960449219,0.005113572833032
3158,391.580322265625,0.00511866736958996
3159,391.714691162109,0.00512411594130871
3160,391.85205078125,0.00512996169884498
3161,391.980194091797,0.00513624294941266
3162,392.119567871094,0.0051429925501898
3163,392.251922607422,0.00515023747483426
3164,392.380279541016,0.0051579985614625
3165,392.514617919922,0.00516629044404094
3166,392.650512695312,0.00517512166249437
3167,392.781372070312,0.00518449493931685
3168,392.914733886719,0.00519440760196802
3169,393.061370849609,0.00520485212146583
3171,393.181793212891,0.00521581672962571
3172,393.314758300781,0.00522728607197335
3173,393.447143554688,0.00523924185197164
3174,393.58154296875,0.00525166342572733
3175,393.714904785156,0.00526452831468503
3176,393.848266601562,0.00527781261581573
3177,393.982238769531,0.00529149130244968
3178,394.115600585938,0.00530553842177621
3179,394.252960205078,0.005319927204908
3181,394.383087158203,0.00533463011079942
3182,394.515197753906,0.00534961882582369
3183,394.649566650391,0.00536486423722568
3184,394.782928466797,0.00538033639265761
3185,394.929229736328,0.00539600445167942
3187,395.065612792969,0.00541183663039435
3189,395.182922363281,0.00542780013852944
3191,395.317840576172,0.00544386110949208
3192,395.452728271484,0.00545998452746432
3193,395.583587646484,0.00547613415994935
3194,395.727905273438,0.00549227250764906
3195,395.852264404297,0.00550836078474412
3196,395.988433837891,0.00552435894093499
3197,396.117767333984,0.00554022573229892
3198,396.259155273438,0.00555591884228119
3199,396.385070800781,0.00557139504861008
3200,396.518432617188,0.00558661042822648
3201,396.665313720703,0.00560152059154915
3202,396.790161132812,0.00561608093978625
3203,396.91748046875,0.00563024694381241
3204,397.053466796875,0.00564397444882269
3205,397.185821533203,0.00565722001361154
3206,397.319030761719,0.00566994129506877
3207,397.460388183594,0.00568209748608354
3208,397.587158203125,0.00569364980817646
3209,397.719085693359,0.00570456204956994
3210,397.852447509766,0.00571480112672946
3211,397.986572265625,0.00572433763495408
3212,398.121490478516,0.00573314634382532
3213,398.256561279297,0.00574120658838973
3214,398.38720703125,0.00574850250828856
3215,398.521087646484,0.00575502309512919
3216,398.672210693359,0.00576076202266285
3218,398.788299560547,0.00576571725334236
3219,398.921661376953,0.00576989043649047
3220,399.053009033203,0.00577328613521279
3221,399.188415527344,0.00577591093893217
3222,399.326782226562,0.00577777253386027
3223,399.454956054688,0.00577887881314863
3224,399.593933105469,0.00577923711073463
3225,399.728851318359,0.00577885363750634
3227,399.855682373047,0.00577773318553513
3228,399.988037109375,0.00577587914665257
3229,400.127410888672,0.00577329386714896
3230,400.259338378906,0.00576997933300041
3232,400.388275146484,0.00576593815233212
3233,400.526641845703,0.00576117477645272
3234,400.663024902344,0.00575569688018302
3235,400.793365478516,0.00574951680825612
3236,400.921722412109,0.00574265298841295
3237,401.056060791016,0.00573513121369898
3238,401.189422607422,0.00572698570575653
3239,401.323791503906,0.00571825988626135
3240,401.456146240234,0.00570900680325198
3241,401.590118408203,0.00569928918093371
3242,401.737365722656,0.00568917908367399
3243,401.857391357422,0.00567875720571442
3244,401.989776611328,0.00566811181640336
3245,402.124114990234,0.00565733740574309
3246,402.265502929688,0.00564653308633973
3247,402.40087890625,0.00563580081524973
3248,402.524749755859,0.00562524350263154
3249,402.658203125,0.00561496307349075
3250,402.80126953125,0.0056050585442436
3251,402.92529296875,0.00559562416771743
3252,403.056640625,0.0055867476894323
3253,403.202667236328,0.00557850874597744
3254,403.325988769531,0.00557097742482932
3256,403.458923339844,0.00556421299596104
3257,403.608276367188,0.00555826282060724
3258,403.7255859375,0.00555316144233425
3259,403.858795166016,0.00554892986983274
3260,403.996154785156,0.00554557506827562
3262,404.125518798828,0.00554308968458661
3263,404.259887695312,0.00554145203917854
3264,404.396240234375,0.00554062642051606
3265,404.537628173828,0.00554056371775949
3266,404.665618896484,0.00554120242016071
3267,404.796844482422,0.00554247000007993
3268,404.934204101562,0.00554428468042608
3269,405.072570800781,0.0055465575683279
3270,405.080596923828,0.00554919511634737
3271,405.199584960938,0.00555210185186917
3272,405.327941894531,0.00555518329555345
3273,405.461303710938,0.00555834897188036
3274,405.596527099609,0.00556151539976144
3275,405.726898193359,0.00556460893997617
3276,405.860229492188,0.00556756837004473
3277,406.000610351562,0.0055703470574803
3278,406.128509521484,0.00557291461057285
3279,406.261352539062,0.00557525790299982
3280,406.398742675781,0.00557738139496429
3282,406.526672363281,0.00557930670846727
3283,406.672058105469,0.00558107145570109
3284,406.799407958984,0.00558272736417615
3285,406.927520751953,0.00558433778598284
3286,407.071899414062,0.00558597471717504
3287,407.198822021484,0.00558771548266115
3288,407.328186035156,0.00558963925924743
3289,407.476593017578,0.005591823613135
3290,407.599914550781,0.00559434121846659
3291,407.729827880859,0.00559725690230665
3292,407.865203857422,0.00560062513182573
3293,407.99755859375,0.0056044880252406
3294,408.140563964844,0.00560887393305902
3295,408.263671875,0.00561379660362277
3296,408.396514892578,0.00561925491901828
3297,408.529022216797,0.00562523316506627
3298,408.668395996094,0.00563170178210198
3299,408.796752929688,0.00563861853061769
3300,408.939147949219,0.00564592999628017
3302,408.965209960938,0.00565357335130282
3303,409.070495605469,0.00566147828317169
3304,409.199340820312,0.00566956899752624
3305,409.329833984375,0.00567776620038257
3306,409.475891113281,0.00568598896694105
3307,409.60400390625,0.00569415641094989
3308,409.732330322266,0.00570218908065041
3309,409.86865234375,0.00571001002484465
3310,410.010894775391,0.00571754549518153
3312,410.131744384766,0.00572472527741105
3313,410.268127441406,0.00573148267365008
3314,410.399475097656,0.00573775418765829
3315,410.532836914062,0.00574347899320892
3316,410.668212890625,0.00574859828885447
3317,410.806579589844,0.00575305465749603
3318,410.930908203125,0.00575679155317345
3319,411.068267822266,0.00575975302827804
3320,411.199066162109,0.00576188379136178
3321,411.341644287109,0.00576312965029412
3322,411.472991943359,0.005763438351248
3323,411.598876953125,0.00576276077620606
3324,411.732238769531,0.00576105241669942
3325,411.872650146484,0.0057582750056031
3326,412.001617431641,0.0057543981671367
3327,412.133270263672,0.00574940094081381
3328,412.273468017578,0.00574327304841241
3329,412.402313232422,0.00573601580191189
3330,412.541046142578,0.0057276425903124
3331,412.669372558594,0.00571817892835723
3332,412.805755615234,0.00570766209390955
3333,412.935638427734,0.00569614041704758
3334,413.070495605469,0.00568367230818921
3335,413.201843261719,0.00567032512217642
3336,413.335205078125,0.00565617395012654
3337,413.472564697266,0.00564130041326354
3338,413.601715087891,0.00562579150706723
3339,413.735046386719,0.00560973851521269
3340,413.883453369141,0.00559323598630601
3341,414.011322021484,0.00557638074686261
3342,414.136138916016,0.00555927091419397
3343,414.269500732422,0.00554200487372344
3344,414.402374267578,0.00552468019564048
3345,414.548614501953,0.00550739248307863
3346,414.669952392578,0.00549023416463046
3347,414.802795410156,0.00547329326427613
3348,414.945678710938,0.00545665219842132
3349,415.070007324219,0.00544038666030328
3350,415.203247070312,0.00542456465520072
3351,415.337615966797,0.00540924574543903
3352,415.470977783203,0.00539448055284835
3353,415.603363037109,0.00538031054957893
3354,415.740753173828,0.00536676814795763
3355,415.87109375,0.00535387707855154
3356,416.005462646484,0.00534165302494726
3357,416.137298583984,0.00533010446591862
3358,416.271667480469,0.00531923366226579
3359,416.407989501953,0.00530903771784989
3360,416.537353515625,0.00529950964288892
3361,416.671569824219,0.00529063935251816
3362,416.805419921875,0.0052824145444357
3363,416.945343017578,0.00527482141504321
3364,417.071319580078,0.00526784519222337
3365,417.206207275391,0.00526147048278859
3366,417.349090576172,0.00525568145158458
3367,417.481994628906,0.0052504618652809
3368,417.604827880859,0.00524579504546718
3369,417.745727539062,0.00524166378181229
3370,417.872650146484,0.00523805025639405
3371,418.006011962891,0.00523493602514222
3372,418.140380859375,0.00523230209242901
3373,418.284545898438,0.00523012910132431
3374,418.407409667969,0.00522839764628216
3375,418.540252685547,0.00522708869856883
3376,418.672149658203,0.0052261841192039
3377,418.805572509766,0.00522566722120554
3378,418.940948486328,0.00522552333404719
3379,419.084320068359,0.0052257403196826
3380,419.211700439453,0.00522630899198834
3381,419.341613769531,0.00522722339996442
3382,419.474945068359,0.00522848094863006
3383,419.607299804688,0.00523008234855445
3384,419.747283935547,0.00523203140312532
3385,419.882263183594,0.00523433465956836
3386,420.007598876953,0.00523700096324716
3387,420.154998779297,0.0052400409633858
3388,420.164001464844,0.00524346662137265
3389,420.274993896484,0.00524729077034158
3390,420.413635253906,0.00525152676752299
3391,420.543487548828,0.00525618827000832
3392,420.675720214844,0.00526128915129161
3393,420.807830810547,0.00526684356142647
3394,420.94189453125,0.00527286611899786
3395,421.076843261719,0.0052793722094613
3396,421.208190917969,0.00528637835285923
3397,421.362335205078,0.00529390259554851
3399,421.484649658203,0.00530196487623081
3401,421.609710693359,0.0053105873167377
3402,421.743927001953,0.00531979439257703
3403,421.877288818359,0.0053296129464494
3404,422.010650634766,0.00534007201851986
3405,422.143707275391,0.00535120247864214
3406,422.276763916016,0.00536303645653941
3407,422.412261962891,0.00537560657513454
3408,422.544708251953,0.00538894499942175
3410,422.683074951172,0.00540308231875936
3411,422.813629150391,0.00541804628499412
3412,422.945007324219,0.00543386043330933
3413,423.081512451172,0.00545054261783832
3414,423.211364746094,0.00546810350014949
3415,423.345367431641,0.0054865450353511
3416,423.481262207031,0.00550585900693637
3417,423.610809326172,0.00552602566647228
3418,423.746856689453,0.00554701253676588
3419,423.881225585938,0.00556877343652412
3420,424.019592285156,0.00559124778061972
3421,424.145935058594,0.00561436020331507
3422,424.281036376953,0.00563802054298926
3423,424.413391113281,0.00566212421694362
3424,424.546295166016,0.00568655300435129
3425,424.6806640625,0.00571117624450506
3426,424.81201171875,0.00573585244582248
3427,424.947387695312,0.00576043128787526
3429,425.080749511719,0.00578475598332806
3430,425.219116210938,0.00580866594884413
3431,425.348449707031,0.00583199971425522
3432,425.480804443359,0.00585459797904367
3433,425.613159179688,0.00587630670672556
3434,425.753326416016,0.00589698013386114
3435,425.763336181641,0.00591648356399852
3436,425.888336181641,0.00593469582021764
3437,426.014678955078,0.00595151124440068
3438,426.154296875,0.00596684115683383
3439,426.282257080078,0.00598061472459493
3440,426.414611816406,0.0059927792282794
3441,426.554962158203,0.00600329975970785
3442,426.567016601562,0.00601215842353466
3443,426.683898925781,0.00601935314848131
3444,426.814239501953,0.00602489623547325
3445,426.947418212891,0.00602881277795779
3446,427.082336425781,0.00603113908364288
3447,427.215698242188,0.0060319212082005
3448,427.347320556641,0.00603121368307959
3449,427.487701416016,0.00602907848546696
3450,427.616058349609,0.00602558426299488
3451,427.748413085938,0.00602080579311072
3452,427.886810302734,0.00601482363038
3453,428.018157958984,0.00600772387653591
3454,428.150543212891,0.00599959799873543
3455,428.287933349609,0.00599054262102427
3456,428.416809082031,0.00598065922134426
3457,428.562774658203,0.00597005367983193
3458,428.685119628906,0.00595883564163203
3459,428.816467285156,0.0059471176768925
3460,428.955413818359,0.00593501424002808
3461,429.086791992188,0.00592264044799345
3462,429.216796875,0.00591011071178516
3463,429.35791015625,0.00589753726571928
3464,429.484252929688,0.00588502864473909
3465,429.615600585938,0.00587268816117834
3466,429.754547119141,0.00586061242966712
3467,429.889892578125,0.00584888998328552
3468,430.018249511719,0.00583760001696512
3469,430.152618408203,0.00582681128682722
3470,430.287963867188,0.00581658118767868
3471,430.431365966797,0.00580695502583625
3473,430.554382324219,0.00579796550081927
3474,430.684753417969,0.00578963240672185
3475,430.81982421875,0.00578196256139421
3476,430.953186035156,0.00577494996801472
3477,431.086181640625,0.00576857620854109
3478,431.231079101562,0.00576281106168266
3479,431.352905273438,0.00575761332982136
3480,431.490264892578,0.00575293185066824
3482,431.618621826172,0.00574870666170135
3483,431.752532958984,0.00574487028001544
3484,431.886474609375,0.00574134905833957
3485,432.018829345703,0.00573806458036414
3486,432.153198242188,0.00573493506520306
3487,432.287170410156,0.00573187676109728
3488,432.300201416016,0.00572880532096474
3489,432.420532226562,0.00572563716524034
3490,432.553894042969,0.00572229084849198
3491,432.688781738281,0.00571868845343446
3493,432.822540283203,0.00571475703740304
3494,432.953887939453,0.00571043015090966
3495,433.087249755859,0.00570564943525799
3496,433.220611572266,0.00570036628704202
3497,433.357604980469,0.0056945435534866
3499,433.486968994141,0.00568815719678477
3500,433.620941162109,0.00568119784131985
3501,433.75390625,0.00567367209865235
3502,433.888854980469,0.0056656035548086
3503,434.023223876953,0.00565703330525373
3505,434.16015625,0.00564801993613276
3506,434.288513183594,0.00563863887546704
3507,434.422485351562,0.00562898107291937
3508,434.557861328125,0.00561915100806805
3509,434.689208984375,0.00560926407060561
3510,434.822113037109,0.00559944339707903
3511,434.95751953125,0.00558981628378189
3512,435.089874267578,0.00558051032130113
3513,435.222778320312,0.00557164941147527
3514,435.359100341797,0.00556334983200337
3515,435.489440917969,0.00555571650871922
3516,435.623809814453,0.0055488396424821
3517,435.757171630859,0.00554279181895092
3518,435.897521972656,0.00553762570733658
3519,436.036926269531,0.00553337243031783
3520,436.041931152344,0.00553004066286024
3521,436.15625,0.005527616493346
3522,436.291137695312,0.00552606405639014
3523,436.439147949219,0.00552532692287163
3525,436.568725585938,0.00552533020880741
3526,436.691925048828,0.00552598334056757
3527,436.824829101562,0.00552718338962296
3528,436.958679199219,0.00552881886596011
3529,437.097045898438,0.00553077383639053
3531,437.235229492188,0.00553293221361332
3532,437.358215332031,0.00553518204587328
3533,437.491577148438,0.00553741962743175
3534,437.626800537109,0.00553955324882435
3535,437.759826660156,0.00554150641460955
3536,437.892181396484,0.00554322037586881
3537,438.025482177734,0.00554465585494379
3538,438.158569335938,0.00554579387947642
3540,438.29345703125,0.00554663568931448
3541,438.425933837891,0.00554720172990766
3542,438.560302734375,0.0055475297955513
3543,438.692657470703,0.00554767243127818
3545,438.825775146484,0.0055476937398217
3546,438.960357666016,0.00554766576720617
3547,439.093719482422,0.00554766465562699
3548,439.231079101562,0.00554776675505684
3549,439.363616943359,0.00554804487625868
3550,439.496490478516,0.0055485648492734
3551,439.630828857422,0.0055493825251873
3552,439.769378662109,0.00555054132750748
3553,439.897369384766,0.00555207042520369
3554,440.027252197266,0.00555398356467924
3555,440.160827636719,0.0055562785646587
3556,440.297882080078,0.00555893744803008
3557,440.433258056641,0.00556192715956582
3559,440.563598632812,0.00556520079929137
3560,440.701965332031,0.00556869928865649
3561,440.828125,0.00557235338048413
3562,440.9619140625,0.00557608592305665
3563,441.106323242188,0.00557981429209465
3564,441.234649658203,0.00558345290982367
3565,441.362609863281,0.0055869157758632
3566,441.496978759766,0.00559011893888013
3567,441.630859375,0.00559298284032025
3568,441.776763916016,0.00559543446266733
3569,441.781768798828,0.00559740921614679
3570,441.905822753906,0.0055988525016814
3571,442.041046142578,0.00559972089619309
3572,442.178100585938,0.00559998292023065
3573,442.297424316406,0.00559961936734917
3574,442.441802978516,0.0055986231982478
3575,442.575164794922,0.00559699902780352
3576,442.697509765625,0.00559476225661596
3577,442.841857910156,0.0055919379173741
3578,442.975219726562,0.00558855931788592
3579,443.098541259766,0.00558466656580778
3580,443.232818603516,0.0055803050551849
3581,443.382232666016,0.00557552398332422
3583,443.497161865234,0.00557037495057622
3584,443.657165527344,0.00556491067796013
3586,443.764251708984,0.00555918386072098
3587,443.899597167969,0.00555324616180036
3588,444.042999267578,0.00554714733900395
3589,444.166046142578,0.00554093449371243
3590,444.303436279297,0.00553465142696621
3591,444.434783935547,0.00552833808982681
3592,444.571136474609,0.00552203011800594
3594,444.703491210938,0.00551575844477375
3595,444.833862304688,0.00550954899018697
3596,444.969207763672,0.00550342242805862
3597,445.109436035156,0.00549739403445949
3598,445.234771728516,0.00549147362280313
3599,445.368743896484,0.00548566557082322
3600,445.503631591797,0.00547996894421999
3601,445.636169433594,0.00547437772065569
3602,445.768524169922,0.00546888111627897
3603,445.905883789062,0.00546346401509614
3604,446.034240722656,0.00545810749921267
3605,446.177429199219,0.00545278947511359
3606,446.307769775391,0.0054474853876503
3607,446.439117431641,0.00544216900932053
3608,446.569488525391,0.00543681328805577
3609,446.707855224609,0.00543139123258487
3610,446.833190917969,0.00542587681118327
3611,446.975280761719,0.00542024583790771
3612,447.109649658203,0.00541447682074639
3613,447.235992431641,0.00540855174867048
3614,447.369354248047,0.00540245679916588
3615,447.504730224609,0.00539618295390631
3616,447.643829345703,0.0053897265169872
3617,447.779022216797,0.00538308953662148
3618,447.905395507812,0.00537628013645932
3619,448.035369873047,0.00536931276591825
3620,448.169891357422,0.00536220837951686
3621,448.309600830078,0.00535499455292332
3622,448.436950683594,0.00534770553835414
3623,448.569763183594,0.00534038225459392
3624,448.705627441406,0.00533307219817631
3625,448.843963623047,0.00532582925347821
3626,448.97998046875,0.00531871337222282
3627,449.111907958984,0.00531179008884054
3628,449.236785888672,0.00530512983880878
3629,449.372161865234,0.00529880705351073
3630,449.505523681641,0.00529289901759095
3631,449.638885498047,0.00528748449256878
3632,449.776214599609,0.00528264213195211
3633,449.913208007812,0.00527844873581521
3634,450.038146972656,0.00527497741382569
3635,450.175415039062,0.00527229574205801
3636,450.311340332031,0.00527046400808914
3637,450.439697265625,0.00526953363917148
3638,450.575805664062,0.00526954589918089
3639,450.72119140625,0.00527053092223269
3641,450.728210449219,0.00527250712615637
3642,450.843536376953,0.00527548102011523
3643,450.975524902344,0.00527944739076274
3644,451.106475830078,0.00528438982376975
3645,451.238708496094,0.00529028149536145
3646,451.372680664062,0.00529708615401234
3647,451.512054443359,0.00530475920702266
3648,451.639404296875,0.00531324883052127
3649,451.776519775391,0.00532249703347246
3650,451.905853271484,0.00533244062440022
3651,452.042022705078,0.00534301205093534
3652,452.177124023438,0.00535414010383893
3653,452.312072753906,0.00536575049605687
3654,452.439422607422,0.0053777663416018
3655,452.576629638672,0.00539010856773376
3656,452.706634521484,0.00540269629726504
3657,452.840606689453,0.00541544723701958
3658,452.976409912109,0.00542827810518143
3659,453.110168457031,0.00544110512606798
3660,453.241180419922,0.00545384461683685
3661,453.377044677734,0.0054664136870598
3662,453.507080078125,0.0054787310684413
3663,453.647186279297,0.00549071808712314
3664,453.777679443359,0.00550229978375383
3665,453.907531738281,0.00551340617590523
3666,454.046905517578,0.00552397364334136
3667,454.177764892578,0.00553394639993169
3668,454.309539794922,0.00554327799848951
3669,454.44189453125,0.00555193279905772
3670,454.581939697266,0.00555988731995029
3671,454.709289550781,0.00556713138663234
3672,454.846649169922,0.0055736689978314
3673,454.977630615234,0.00557951884138359
3674,455.113739013672,0.00558471441310949
3675,455.24365234375,0.00558930371815825
3676,455.377502441406,0.0055933485626535
3677,455.510101318359,0.00559692347079115
3678,455.646484375,0.00560011428575527
3679,455.784881591797,0.00560301652961281
3680,455.914215087891,0.0056057336063118
3681,456.043579101562,0.00560837493257084
3682,456.181457519531,0.00561105407419877
3683,456.310302734375,0.00561388695133966
3684,456.444671630859,0.00561699015702047
3685,456.581512451172,0.00562047941139392
3686,456.711364746094,0.00562446815177257
3687,456.844360351562,0.00562906623864755
3688,456.977233886719,0.0056343787429616
3689,457.124145507812,0.00564050477208396
3690,457.254486083984,0.0056475362925241
3691,457.263519287109,0.0056555569166246
3692,457.377288818359,0.00566464063722811
3693,457.511413574219,0.0056748505163329
3694,457.657531738281,0.00568623735779175
3695,457.791809082031,0.00569883841643876
3697,457.913116455078,0.00571267621303343
3698,458.045989990234,0.00572775753321138
3699,458.192901611328,0.005744072687595
3702,458.313781738281,0.00576159509924075
3703,458.445709228516,0.00578028126510603
3704,458.589111328125,0.00580007111287163
3705,458.721466064453,0.0058208887466637
3706,458.735504150391,0.0058426435485443
3707,458.845794677734,0.00586523158022698
3708,458.988189697266,0.00588853721361545
3709,459.115142822266,0.00591243491064593
3710,459.247497558594,0.00593679107258504
3711,459.390899658203,0.00596146588546503
3712,459.516967773438,0.00598631510012936
3713,459.648345947266,0.00601119170053712
3714,459.78125,0.00603594743075266
3715,459.914611816406,0.0060604341680107
3716,460.051971435547,0.00608450514544222
3717,460.186859130859,0.00610801604289256
3718,460.315704345703,0.00613082597730774
3719,460.447052001953,0.00615279843479665
3720,460.582427978516,0.00617380219370761
3721,460.718597412109,0.00619371229050123
3722,460.852905273438,0.00621241107629085
3723,460.985748291016,0.00622978940035342
3724,461.128631591797,0.00624574793719707
3725,461.263000488281,0.00626019864672605
3726,461.383331298828,0.00627306632507045
3727,461.523315429688,0.0062842901706405
3728,461.649658203125,0.00629382526082279
3729,461.785522460938,0.00630164381454437
3730,461.918395996094,0.00630773610896743
3731,462.062774658203,0.00631211092737689
3732,462.194793701172,0.00631479544002635
3733,462.205841064453,0.00631583445787626
3734,462.315979003906,0.00631528904611434
3735,462.462371826172,0.00631323453399252
3736,462.589721679688,0.0063097580034258
3737,462.719604492188,0.00630495537539215
3738,462.851806640625,0.00629892823664418
3739,462.988159179688,0.00629178055811225
3740,463.117523193359,0.00628361545153917
3741,463.250885009766,0.00627453209518249
3742,463.267913818359,0.0062646229368896
3743,463.386260986328,0.00625397125781179
3744,463.518127441406,0.00624264915623429
3745,463.663024902344,0.00623071599103232
3746,463.786346435547,0.00621821730921595
3747,463.920715332031,0.00620518427156187
3749,464.052093505859,0.00619163358300274
3750,464.187194824219,0.00617756792819448
3751,464.317535400391,0.00616297690538743
3752,464.451904296875,0.0061478384417097
3753,464.587249755859,0.00613212065937044
3754,464.721618652344,0.0061157841452754
3755,464.856597900391,0.00609878455731807
3756,464.987548828125,0.00608107548121579
3757,465.119506835938,0.00606261143473434
3758,465.252868652344,0.00604335090402907
3759,465.387847900391,0.00602325929167293
3760,465.525207519531,0.00600231165887249
3761,465.657562255859,0.00598049515535918
3762,465.786682128906,0.00595781104828689
3763,465.919036865234,0.00593427628404184
3764,466.053405761719,0.00590992454153824
3765,466.199432373047,0.00588480675967553
3766,466.319763183594,0.00585899114293443
3767,466.4541015625,0.00583256266608877
3768,466.587982177734,0.00580562211107133
3769,466.727569580078,0.0057782846763447
3770,466.862945556641,0.00575067820254838
3771,466.98779296875,0.00572294105901115
3772,467.131439208984,0.00569521973541263
3773,467.268402099609,0.00566766618288425
3774,467.387298583984,0.0056404349503457
3775,467.521667480469,0.0056136801656673
3776,467.657592773438,0.00558755241761734
3777,467.789428710938,0.00556219560324142
3778,467.921813964844,0.0055377438155581
3779,468.05859375,0.00551431835703813
3780,468.1875,0.00549202497374652
3781,468.325897216797,0.00547095141158352
3782,468.458251953125,0.00545116539806405
3783,468.589599609375,0.00543271314897783
3784,468.722961425781,0.00541561848786037
3785,468.857330322266,0.00539988264679679
3786,468.989685058594,0.00538548478973514
3787,469.123046875,0.00537238326517851
3788,469.258392333984,0.00536051755584171
3789,469.390441894531,0.00534981085154735
3790,469.523620605469,0.00534017313197886
3791,469.658996582031,0.00533150461191155
3792,469.789337158203,0.00532369937699102
3793,469.923309326172,0.00531664902600826
3794,470.057525634766,0.00531024613761165
3795,470.19189453125,0.00530438739556679
3796,470.335266113281,0.00529897623542331
3798,470.457122802734,0.0052939249137296
3799,470.592590332031,0.00528915594470792
3800,470.726959228516,0.00528460289410822
3801,470.858306884766,0.0052802105615405
3802,470.991302490234,0.00527593461742002
3803,471.124664306641,0.00527174078634824
3804,471.259002685547,0.00526760368421357
3805,471.393371582031,0.00526350542175841
3806,471.526733398438,0.00525943408416306
3807,471.659637451172,0.00525538218645623
3808,471.79150390625,0.00525134519073736
3809,471.931640625,0.00524732015565638
3810,472.066009521484,0.00524330457324044
3811,472.193328857422,0.00523929543415583
3812,472.326721191406,0.00523528855020044
3813,472.468078613281,0.00523127815186483
3814,472.592437744141,0.00522725676832529
3815,472.726379394531,0.00522321538625966
3816,472.871795654297,0.00521914387166732
3818,473.007659912109,0.00521503162523719
3819,473.127471923828,0.00521086842725192
3820,473.262847900391,0.00520664541372918
3821,473.395202636719,0.00520235611313544
3822,473.527374267578,0.00519799746435731
3823,473.668304443359,0.0051935707332489
3824,473.797668457031,0.00518908224802555
3825,473.927734375,0.00518454388335338
3826,474.064605712891,0.0051799732387293
3827,474.194458007812,0.00517539347750903
3828,474.33740234375,0.00517083281705512
3829,474.464691162109,0.00516632368597304
3830,474.595703125,0.00516190158921706
3831,474.729675292969,0.00515760374401018
3832,474.864624023438,0.00515346756731299
3833,474.995758056641,0.00514952910763674
3834,475.128173828125,0.00514582151940323
3835,475.268524169922,0.00514237367637056
3836,475.396636962891,0.00513920901193728
3837,475.528686523438,0.00513634465900257
3838,475.676666259766,0.00513379094161307
3839,475.794982910156,0.00513155124647932
3840,475.930938720703,0.00512962227660148
3841,476.065155029297,0.0051279946639249
3842,476.209228515625,0.00512665389531503
3843,476.336547851562,0.00512558148799878
3844,476.465911865234,0.00512475633813538
3845,476.598266601562,0.00512415615973547
3846,476.731231689453,0.0051237589303687
3847,476.867614746094,0.00512354426404871
3848,476.997955322266,0.00512349463917716
3849,477.140838623047,0.00512359641935731
3850,477.264709472656,0.00512384061645923
3851,477.407135009766,0.00512422335813467
3852,477.420654296875,0.00512474603595638
3853,477.531463623047,0.00512541512553214
3854,477.665496826172,0.00512624168624486
3855,477.801452636719,0.00512724056532322
3856,477.936798095703,0.00512842934798141
3857,478.067779541016,0.0051298271112346
3858,478.22119140625,0.00513145305230621
3860,478.335296630859,0.00513332507186745
3861,478.467651367188,0.00513545839648264
3862,478.600006103516,0.00513786432283583
3863,478.735382080078,0.00514054915849105
3864,478.867492675781,0.00514351342071001
3865,478.999481201172,0.00514675133746975
3866,479.148895263672,0.00515025067496289
3869,479.265197753906,0.00515399289531907
3870,479.402587890625,0.00515795362867665
3871,479.538269042969,0.00516210342629009
3872,479.668121337891,0.00516640874685303
3873,479.801483154297,0.00517083311704368
3874,479.945159912109,0.00517533839962992
3875,480.077423095703,0.00517988609842662
3876,480.201446533203,0.00518443862912793
3877,480.335510253906,0.0051889604886969
3878,480.467895507812,0.00519341926361672
3879,480.601776123047,0.00519778642865598
3880,480.736633300781,0.00520203790227107
3881,480.867980957031,0.00520615434139274
3882,481.001342773438,0.00521012117588991
3883,481.13671875,0.00521392840013455
3884,481.26806640625,0.00521757015451523
3885,481.4013671875,0.00522104414231173
3886,481.545745849609,0.00522435093608821
3887,481.675109863281,0.0052274932319353
3889,481.807464599609,0.00523047510900451
3890,481.947845458984,0.00523330134571096
3891,482.082214355469,0.00523597683311088
3893,482.203521728516,0.0052385061112862
3894,482.337890625,0.00524089303771819
3895,482.480285644531,0.00524314057973877
3896,482.603607177734,0.00524525070856464
3897,482.735992431641,0.0052472243623302
3898,482.8779296875,0.00524906144154462
3899,483.007293701172,0.00525076080320019
3900,483.151336669922,0.00525232022895304
3902,483.273376464844,0.00525373635690108
3903,483.409332275391,0.0052550045831347
3904,483.545715332031,0.00525611895553578
3905,483.673828125,0.00525707209527492
3906,483.810211181641,0.00525785518852857
3907,483.938385009766,0.00525845809038409
3909,484.07373046875,0.00525886957420239
3910,484.209106445312,0.00525907774373504
3911,484.341461181641,0.00525907060426455
3912,484.473327636719,0.00525883676622683
3913,484.611206054688,0.005258366233975
3914,484.739959716797,0.0052576512171623
3915,484.874298095703,0.00525668689536954
3916,485.014678955078,0.00525547206930213
3917,485.138549804688,0.00525400964359968
3918,485.273406982422,0.00525230690483752
3919,485.408447265625,0.00525037558026897
3920,485.552307128906,0.00524823168441973
3921,485.673431396484,0.00524589517832247
3922,485.808776855469,0.00524338947755282
3923,485.938140869141,0.00524074084936481
3924,486.086547851562,0.00523797773674829
3926,486.208862304688,0.00523513004003812
3927,486.346252441406,0.00523222837743038
3928,486.474578857422,0.00522930333711382
3929,486.608947753906,0.0052263847278796
3930,486.751342773438,0.00522350083322198
3931,486.874664306641,0.00522067767612057
3932,487.010009765625,0.00521793830687873
3933,487.146118164062,0.00521530213284276
3934,487.274475097656,0.00521278431456651
3935,487.414825439453,0.00521039525629844
3936,487.540954589844,0.00520814021848788
3937,487.67431640625,0.00520601907612747
3938,487.809692382812,0.00520402623978776
3939,487.953063964844,0.00520215074737176
3940,488.076416015625,0.00520037652535866
3941,488.208770751953,0.00519868280988748
3942,488.342041015625,0.00519704471125419
3943,488.476409912109,0.00519543390046406
3944,488.610321044922,0.00519381939306971
3945,488.742462158203,0.00519216840301375
3946,488.875335693359,0.0051904472369696
3947,489.010589599609,0.00518862219740952
3948,489.143432617188,0.00518666046044937
3949,489.277313232422,0.00518453089300924
3951,489.410339355469,0.00518220477389497
3952,489.542694091797,0.0051796563860413
3953,489.676208496094,0.0051768634531683
3954,489.808685302734,0.00517380740385989
3955,489.942565917969,0.00517047345932591
3956,490.077362060547,0.00516685055690322
3957,490.210723876953,0.00516293113805291
3958,490.343078613281,0.00515871084506136
3959,490.477416992188,0.00515418818244361
3960,490.633056640625,0.00514936420489882
3962,490.746124267578,0.00514424229186143
3964,490.876983642578,0.00513882805848152
3965,491.012329101562,0.00513312943477035
3966,491.144805908203,0.00512715692052349
3967,491.277191162109,0.00512092399652399
3968,491.413055419922,0.00511444764621245
3969,491.545440673828,0.00510774892040393
3970,491.678802490234,0.00510085346408643
3971,491.822174072266,0.00509379192104095
3973,491.946014404297,0.0050866001395962
3974,492.078887939453,0.00507931912021776
3975,492.212799072266,0.00507199467031856
3976,492.346984863281,0.0050646767601725
3977,492.479339599609,0.00505741860227742
3978,492.612701416016,0.0050502755014138
3979,492.746551513672,0.00504330354128512
3980,492.884094238281,0.0050365581844748
3981,493.013275146484,0.0050300928652234
3982,493.147186279297,0.00502395765001833
3983,493.279388427734,0.00501819803076646
3984,493.414367675781,0.00501285390133142
3985,493.547943115234,0.00500795875240355
3986,493.680816650391,0.00500353910369146
3987,493.813690185547,0.00499961417750753
3988,493.949554443359,0.00499619580475778
3989,494.079681396484,0.00499328854358044
3990,494.215057373047,0.00499088998263284
3991,494.348815917969,0.00498899119542582
3992,494.480682373047,0.00498757730922868
3993,494.614715576172,0.00498662815193594
3994,494.748077392578,0.00498611894280362
3995,494.886474609375,0.00498602099782975
3997,495.016510009766,0.00498630242722946
3998,495.149963378906,0.00498692881015761
3999,495.281799316406,0.0049878638396201
4000,495.417175292969,0.00498906993741631
4001,495.552032470703,0.00499050884412696
4002,495.682891845703,0.00499214219202523
4003,495.815795898438,0.00499393206913038
4004,495.951171875,0.00499584158061228
4005,496.084014892578,0.00499783540990557
4006,496.216003417969,0.00499988037696299
4007,496.352874755859,0.00500194598594498
4008,496.483734130859,0.00500400495017063
4009,496.617095947266,0.0050060336790771
4010,496.75146484375,0.00500801271075962
4011,496.888824462891,0.00500992707461161
4012,497.017669677734,0.00501176657154376
4013,497.151000976562,0.00501352596379226
4014,497.294891357422,0.00501520507170032
4015,497.422241210938,0.00501680878015936
4016,497.552581787109,0.0050183469616756
4017,497.684936523438,0.00501983432549579
4018,497.818298339844,0.00502129020243277
4019,497.951171875,0.00502273827300454
4020,498.086029052734,0.00502420624276697
4021,498.218383789062,0.00502572546421329
4022,498.352752685547,0.00502733050046617
4023,498.494720458984,0.00502905862327784
4024,498.618957519531,0.00503094923734719
4025,498.751983642578,0.00503304322496969
4026,498.889373779297,0.00503538220936374
4027,499.020721435547,0.00503800774107488
4028,499.153076171875,0.00504096041882464
4029,499.301025390625,0.00504427896318763
4030,499.307037353516,0.00504799926779548
4031,499.419830322266,0.00505215345779181
4032,499.5537109375,0.00505676898856075
4033,499.689147949219,0.00506186781898614
4034,499.819519042969,0.00506746569240675
4035,499.953277587891,0.0050735715548576
4036,500.098754882812,0.00508018713416527
4038,500.220092773438,0.00508730669533155
4039,500.353424072266,0.00509491697810381
4040,500.490417480469,0.00510299731274771
4041,500.621368408203,0.0051115199010827
4042,500.761993408203,0.00512045024307943
4043,500.898712158203,0.0051297476857386
4044,501.021057128906,0.0051393660710494
4045,501.155914306641,0.00514925446336638
4046,501.297729492188,0.00515935794267005
4047,501.421752929688,0.00516961845744683
4048,501.556121826172,0.00517997573758505
4049,501.689483642578,0.00519036827199322
4050,501.821838378906,0.00520073435621167
4051,501.956207275391,0.00521101321135753
4052,502.098175048828,0.00522114616738995
4053,502.222534179688,0.00523107789186027
4054,502.356903076172,0.0052407576317556
4055,502.496826171875,0.00525014042303691
4056,502.621978759766,0.00525918821250132
4057,502.769561767578,0.00526787083193297
4059,502.890167236328,0.00527616676677135
4060,503.027526855469,0.00528406367131314
4061,503.158477783203,0.00529155859910363
4062,503.303863525391,0.00529865793870918
4063,503.423187255859,0.00530537706849536
4064,503.557678222656,0.0053117397658309
4065,503.697570800781,0.00531777742289139
4066,503.825927734375,0.00532352813038459
4067,503.967895507812,0.00532903569088948
4068,504.090881347656,0.00533434861557483
4069,504.233245849609,0.00533951914385055
4071,504.358581542969,0.00534460230807028
4072,504.491943359375,0.00534965504814228
4073,504.624298095703,0.00535473536679512
4074,504.761779785156,0.00535990150723147
4075,504.901641845703,0.00536521113160808
4076,505.026000976562,0.00537072048055773
4077,505.162353515625,0.00537648349927849
4078,505.297729492188,0.00538255092268026
4079,505.424957275391,0.00538896931905015
4080,505.569854736328,0.00539578009768278
4084,505.825653076172,0.00540301849075683
4085,505.962463378906,0.00541071252399878
4086,506.097198486328,0.00541888199534729
4087,506.226104736328,0.00542753748687309
4088,506.361602783203,0.00543667944310099
4089,506.503204345703,0.00544629735830211
4090,506.627532958984,0.00545636912503494
4091,506.761901855469,0.00546686060417891
4092,506.897186279297,0.00547772548044297
4093,507.027526855469,0.00548890546443432
4094,507.161895751953,0.00550033089106459
4095,507.296783447266,0.00551192174372677
4096,507.427612304688,0.00552358910515631
4097,507.582061767578,0.00553523700162026
4099,507.699249267578,0.00554676457084202
4100,507.827606201172,0.00555806845051445
4101,507.962951660156,0.00556904525820122
4102,508.097320556641,0.00557959401907698
4103,508.235687255859,0.0055896183981542
4104,508.363037109375,0.00559902860930765
4105,508.497406005859,0.0056077429032628
4106,508.628753662109,0.00561568857738019
4107,508.772827148438,0.00562280249649258
4108,508.897796630859,0.00562903116025297
4109,509.030151367188,0.00563433039241934
4110,509.051208496094,0.00563866475613228
4111,509.163330078125,0.00564200681311595
4112,509.298706054688,0.00564433634262754
4113,509.428649902344,0.00564563961901143
4114,509.564025878906,0.00564590881810431
4115,509.702392578125,0.00564514158726359
4116,509.830718994141,0.00564334077700801
4117,509.963745117188,0.00564051429964467
4118,510.097106933594,0.00563667505640346
4119,510.246063232422,0.00563184086258625
4120,510.368103027344,0.0056260343012456
4121,510.498077392578,0.00561928244913748
4122,510.631439208984,0.00561161644157217
4123,510.774719238281,0.00560307087142355
4124,510.897918701172,0.00559368304736517
4125,511.032287597656,0.00558349216281219
4126,511.175720214844,0.0055725384461791
4127,511.300476074219,0.00556086237226803
4128,511.432403564453,0.00554850401278392
4129,511.569763183594,0.00553550259165061
4130,511.705139160156,0.00552189628990406
4131,511.832092285156,0.00550772231840159
4133,511.971130371094,0.00549301724784616
4134,512.101013183594,0.00547781755810739
4135,512.232421875,0.00546216034553144
4136,512.377319335938,0.005446084110168
4137,512.505493164062,0.00542962953606107
4138,512.641540527344,0.00541284017752725
4139,512.77734375,0.00539576297241405
4140,512.905883789062,0.00537844851865558
4141,513.04638671875,0.00536095107133584
4142,513.168212890625,0.00534332824175559
4143,513.300109863281,0.00532564040524054
4144,513.433776855469,0.00530794984819648
4145,513.581665039062,0.00529031970507529
4146,513.699768066406,0.00527281275085685
4147,513.83544921875,0.00525549012344485
4148,513.976806640625,0.00523841005277888
4149,514.099914550781,0.00522162666983695
4150,514.23486328125,0.00520518895982409
4151,514.37841796875,0.00518913991074661
4152,514.502258300781,0.00517351589241832
4153,514.634643554688,0.00515834628297208
4154,514.781188964844,0.00514365334148276
4155,514.901977539062,0.00512945230778164
4156,515.035339355469,0.00511575169546918
4157,515.168701171875,0.00510255373298935
4158,515.312072753906,0.00508985490164164
4159,515.4404296875,0.00507764651931281
4160,515.568725585938,0.00506591532452789
4161,515.701904296875,0.00505464402633923
4162,515.841247558594,0.00504381179999548
4163,515.969604492188,0.00503339472408385
4164,516.101989746094,0.00502336616951498
4165,516.239074707031,0.0050136971621009
4166,516.37939453125,0.00500435674692367
4167,516.501770019531,0.00499531238342724
4168,516.64013671875,0.00498653039538819
4169,516.78955078125,0.00497797649071666
4171,516.905395507812,0.00496961635411714
4172,517.039245605469,0.0049614163029617
4173,517.178649902344,0.00495334398512364
4174,517.188171386719,0.0049453690883848
4175,517.309020996094,0.00493746402517799
4176,517.44091796875,0.00492960455410719
4177,517.585815429688,0.0049217703007314
4179,517.704650878906,0.00491394514411504
4180,517.851013183594,0.00490611744219802
4181,517.973083496094,0.00489828007771883
4182,518.105224609375,0.00489043031684549
4183,518.249572753906,0.00488256948437412
4184,518.378967285156,0.00487470247170848
4185,518.504211425781,0.00486683710596623
4186,518.640563964844,0.00485898341938413
4187,518.782592773438,0.00485115286652625
4188,518.909912109375,0.00484335754151708
4189,519.040283203125,0.00483560944777746
4190,519.179382324219,0.00482791986813002
4191,519.305725097656,0.00482029887381468
4192,519.440124511719,0.004812754997656
4193,519.574462890625,0.0048052950806385
4194,519.707763671875,0.00479792428418442
4195,519.841125488281,0.00479064624445682
4196,519.979064941406,0.0047834633320346
4197,520.112426757812,0.00477637697211965
4198,520.243774414062,0.00476938797834645
4199,520.383117675781,0.00476249685782279
4200,520.508483886719,0.00475570405580951
4201,520.649475097656,0.00474901012394507
4203,520.77783203125,0.00474241581364245
4204,520.9091796875,0.00473592211305707
4205,521.041442871094,0.00472953025851125
4206,521.177856445312,0.00472324175663308
4207,521.316223144531,0.00471705845005427
4208,521.446594238281,0.00471098264730274
4209,521.584777832031,0.00470501731836115
4210,521.708312988281,0.0046991663347319
4211,521.841979980469,0.00469343471130291
4212,521.984313964844,0.00468782879158432
4213,522.108032226562,0.00468235631193131
4214,522.24267578125,0.00467702628647781
4215,522.379028320312,0.00467184867276123
4216,522.518127441406,0.00466683380618301
4217,522.668518066406,0.00466199162532354
4220,522.781860351562,0.00465733074430777
4221,522.910766601562,0.00465285745727937
4222,523.060180664062,0.00464857477875929
4224,523.180541992188,0.00464448162903916
4225,523.315612792969,0.00464057226471805
4226,523.443908691406,0.00463683603219524
4227,523.578308105469,0.00463325748950093
4228,523.710205078125,0.0046298169037814
4229,523.85205078125,0.00462649109318926
4230,523.978088378906,0.00462325454783858
4231,524.110961914062,0.00462008073897839
4232,524.244812011719,0.00461694351132869
4233,524.379699707031,0.00461381845162142
4234,524.510559082031,0.00461068413607029
4235,524.644897460938,0.00460752317850419
4236,524.779174804688,0.00460432302588286
4237,524.916137695312,0.0046010764749859
4238,525.049499511719,0.00459778190944644
4239,525.178527832031,0.00459444327691526
4240,525.313537597656,0.00459106984007788
4241,525.445739746094,0.00458767574200433
4242,525.579833984375,0.00458427942676701
4243,525.712158203125,0.00458090295238734
4244,525.853576660156,0.00457757122752993
4245,525.978881835938,0.00457431119850457
4246,526.119018554688,0.00457115101101268
4248,526.249328613281,0.00456811917260115
4249,526.380310058594,0.00456524374664101
4250,526.512878417969,0.00456255161535417
4251,526.649597167969,0.00456006785567287
4252,526.786926269531,0.00455781527493588
4254,526.799011230469,0.00455581415128905
4255,526.913818359375,0.00455408221467131
4256,527.04931640625,0.00455263488812848
4257,527.187683105469,0.00455148578694974
4258,527.315002441406,0.00455064744704599
4259,527.447387695312,0.00455013222726938
4260,527.580444335938,0.00454995330659539
4261,527.7158203125,0.00455012567966439
4262,527.847534179688,0.00455066704580285
4263,527.980895996094,0.00455159848886792
4264,528.115295410156,0.00455294485826667
4265,528.248657226562,0.00455473478409217
4266,528.381652832031,0.00455700028910854
4267,528.520935058594,0.0045597759940922
4269,528.649108886719,0.00456309794721124
4270,528.781127929688,0.00456700213921696
4271,528.915588378906,0.00457152279128574
4272,529.049499511719,0.00457669051930803
4273,529.182739257812,0.0045825304862604
4274,529.316101074219,0.00458906065309727
4275,529.448425292969,0.00459629022941983
4276,529.58251953125,0.00460421840979521
4277,529.716369628906,0.00461283346215758
4278,529.849243164062,0.00462211221337548
4279,529.982604980469,0.00463201995564618
4280,530.119018554688,0.0046425107771725
4281,530.249877929688,0.00465352830228646
4282,530.383911132812,0.00466500680999447
4283,530.516784667969,0.0046768726857186
4284,530.649536132812,0.00468904614864758
4285,530.784912109375,0.00470144318663403
4286,530.917297363281,0.00471397762234905
4287,531.051513671875,0.00472656322911026
4288,531.184875488281,0.00473911581327324
4289,531.317749023438,0.00475155518306577
4290,531.455627441406,0.00476380693163231
4292,531.584533691406,0.00477580397464692
4293,531.717590332031,0.00478748779927045
4294,531.850952148438,0.00479880939997616
4295,531.985290527344,0.00480972989593239
4296,532.1181640625,0.0048202208421917
4297,532.252014160156,0.00483026426112165
4298,532.38525390625,0.00483985243010733
4299,532.524658203125,0.00484898746610202
4300,532.653991699219,0.00485768074743443
4301,532.793334960938,0.00486595220939339
4303,532.919677734375,0.00487382954390171
4304,533.053039550781,0.00488134732652428
4306,533.186401367188,0.00488854608736444
4307,533.319763183594,0.00489547133687022
4308,533.454162597656,0.00490217255347408
4309,533.586242675781,0.00490870213718461
4310,533.726806640625,0.00491511433139497
4311,533.854675292969,0.00492146411399337
4312,533.993041992188,0.00492780605836503
4313,534.12109375,0.00493419316545807
4314,534.265197753906,0.00494067567045087
4315,534.390502929688,0.0049472998324776
4316,534.409606933594,0.00495410672384235
4317,534.521667480469,0.00496113104607717
4318,534.655029296875,0.00496840001315949
4319,534.800415039062,0.00497593235546703
4320,534.921264648438,0.00498373750928958
4321,535.055725097656,0.00499181506343094
4322,535.198120117188,0.00500015453442471
4323,535.322998046875,0.00500873553372274
4324,535.454833984375,0.00501752837352447
4325,535.598205566406,0.00502649513348946
4326,535.723022460938,0.00503559118023383
4327,535.866943359375,0.00504476709784032
4328,535.998962402344,0.00505397095360785
4329,536.122802734375,0.00506315079201696
4330,536.25634765625,0.00507225722429881
4331,536.40234375,0.00508124596359919
4332,536.522155761719,0.00509008014853094
4333,536.656982421875,0.0050987323022337
4334,536.793395996094,0.00510718579039467
4335,536.934265136719,0.00511543566950609
4336,537.061096191406,0.00512348885430912
4337,537.193298339844,0.00513136357815585
4338,537.325134277344,0.00513908816823234
4339,537.456909179688,0.00514669920496588
4340,537.59326171875,0.00515423917714133
4341,537.728454589844,0.00516175377740291
4342,537.858642578125,0.00516928900404134
4343,537.992797851562,0.00517688824277226
4344,538.125610351562,0.00518458949666177
4345,538.258056640625,0.00519242291498418
4346,538.401062011719,0.00520040874529553
4347,538.525939941406,0.00520855580071967
4348,538.661804199219,0.00521686049981
4349,538.799133300781,0.00522530650237556
4350,538.927001953125,0.00523386493355645
4351,539.058837890625,0.00524249516148017
4352,539.191711425781,0.00525114607147325
4353,539.331848144531,0.00525975776194078
4354,539.467712402344,0.00526826357337057
4355,539.593017578125,0.00527659235230433
4356,539.726989746094,0.00528467084666398
4357,539.861022949219,0.00529242612788477
4358,540.00341796875,0.00529978793925933
4359,540.127319335938,0.0053066908788161
4360,540.259704589844,0.0053130763384555
4361,540.395690917969,0.0053188941377911
4362,540.5400390625,0.00532410380947384
4363,540.548095703125,0.00532867551077014
4364,540.666198730469,0.00533259055207781
4365,540.794555664062,0.00533584154579642
4366,540.93017578125,0.00533843218831612
4367,541.060974121094,0.00534037669457389
4368,541.204345703125,0.00534169891005262
4369,541.337707519531,0.00534243113091854
4370,541.471069335938,0.00534261267059724
4371,541.600219726562,0.00534228822115502
4372,541.737915039062,0.00534150607007878
4373,541.872436523438,0.0053403162461138
4374,541.999816894531,0.0053387686796033
4375,542.137756347656,0.00533691147074938
4376,542.146789550781,0.00533478936096491
4377,542.271118164062,0.00533244249621859
4378,542.398986816406,0.00532990555625332
4379,542.528381347656,0.00532720730035576
4380,542.672729492188,0.00532437055087736
4381,542.803833007812,0.00532141260296597
4382,542.939758300781,0.0053183460166282
4383,543.066101074219,0.00531517971902577
4384,543.199462890625,0.00531192032396455
4385,543.330322265625,0.0053085735639094
4386,543.4658203125,0.00530514572819135
4387,543.599182128906,0.00530164500856621
4388,543.729553222656,0.00529808266796031
4389,543.868896484375,0.00529447396741937
4390,543.999877929688,0.00529083880714253
4391,544.130187988281,0.00528720205761229
4392,544.274597167969,0.00528359357456235
4393,544.402526855469,0.00528004790611714
4394,544.530883789062,0.00527660371198901
4395,544.671875,0.00527330292381288
4396,544.800231933594,0.00527018968344563
4397,544.931335449219,0.00526730910312822
4398,545.066711425781,0.00526470589814893
4399,545.205627441406,0.00526242294882085
4400,545.330993652344,0.00526049985340048
4401,545.466369628906,0.00525897153585447
4402,545.609313964844,0.00525786697089546
4403,545.732666015625,0.0052572080825396
4404,545.867004394531,0.00525700886133458
4405,546.0009765625,0.00525727473000541
4406,546.13232421875,0.00525800216912048
4407,546.266723632812,0.00525917859578039
4408,546.40185546875,0.00526078247191656
4409,546.533264160156,0.00526278360705634
4410,546.671630859375,0.00526514361522882
4411,546.803955078125,0.00526781648786754
4413,546.933349609375,0.00527074925365804
4414,547.081115722656,0.00527388271054232
4415,547.202941894531,0.00527715223173486
4416,547.333312988281,0.00528048866319899
4417,547.477844238281,0.00528381934109801
4418,547.601196289062,0.00528706926137602
4419,547.734558105469,0.00529016242811951
4420,547.871948242188,0.00529302339258143
4421,548.000305175781,0.00529557897233122
4422,548.134643554688,0.00529776011308986
4423,548.272216796875,0.00529950382859564
4425,548.406555175781,0.00530075513076963
4426,548.534912109375,0.00530146884738511
4427,548.671936035156,0.0053016112199837
4428,548.804260253906,0.00530116118176312
4429,548.936218261719,0.00530011123258665
4430,549.070495605469,0.00529846785355106
4431,549.201843261719,0.00529625143310595
4432,549.334899902344,0.00529349570666123
4433,549.471313476562,0.00529024673850357
4434,549.603637695312,0.00528656149622979
4435,549.737731933594,0.00528250608267939
4436,549.873962402344,0.00527815369872384
4437,550.002197265625,0.00527358241351216
4438,550.136352539062,0.00526887281871688
4439,550.274719238281,0.00526410564182396
4440,550.405090332031,0.00525935939193639
4441,550.537414550781,0.00525470811048562
4442,550.672668457031,0.00525021929836506
4443,550.803588867188,0.00524595208930965
4444,550.936950683594,0.00524195573549037
4445,551.076599121094,0.00523826846400608
4446,551.203979492188,0.00523491675144595
4447,551.345336914062,0.00523191504789668
4448,551.472473144531,0.00522926596238363
4449,551.605834960938,0.0052269609001022
4450,551.738708496094,0.00522498111961315
4451,551.872863769531,0.00522329915720039
4452,552.004821777344,0.00522188054737252
4453,552.137145996094,0.00522068575422951
4454,552.271911621094,0.00521967221892556
4455,552.405883789062,0.00521879642421918
4456,552.552307128906,0.0052180158783353
4457,552.676635742188,0.00521729092708766
4458,552.804992675781,0.00521658631520702
4459,552.943115234375,0.00521587243457248
4460,553.073669433594,0.00521512621762549
4461,553.215698242188,0.00521433165727888
4462,553.342651367188,0.0052134799583063
4463,553.476684570312,0.00521256934742335
4464,553.608642578125,0.00521160458793482
4465,553.743835449219,0.00521059625810221
4466,553.876220703125,0.00520955985906896
4467,554.007568359375,0.00520851481790221
4468,554.143920898438,0.00520748344465234
4469,554.27197265625,0.00520648989076177
4470,554.407348632812,0.00520555914179502
4471,554.543395996094,0.00520471606275549
4472,554.682678222656,0.00520398450156591
4473,554.813049316406,0.00520338644754469
4474,554.943298339844,0.00520294123810401
4475,555.082275390625,0.00520266480872996
4476,555.206604003906,0.00520256898796876
4477,555.343566894531,0.00520266084921587
4478,555.482238769531,0.00520294214257761
4479,555.607543945312,0.00520340884063959
4480,555.744750976562,0.00520405083935145
4481,555.880126953125,0.00520485185748846
4482,556.008483886719,0.00520578957397758
4483,556.143859863281,0.00520683603133026
4484,556.277221679688,0.0052079583160366
4485,556.409301757812,0.00520911950456934
4486,556.544616699219,0.00521027983900883
4487,556.677001953125,0.00521139807222499
4488,556.810852050781,0.00521243290223443
4489,556.9453125,0.00521334440171605
4490,557.078674316406,0.00521409534388636
4491,557.209045410156,0.00521465233102615
4492,557.345397949219,0.00521498664657794
4493,557.481567382812,0.00521507477424177
4494,557.612426757812,0.00521489855518898
4495,557.744934082031,0.00521444498413277
4496,557.878234863281,0.00521370567327971
4497,558.011596679688,0.00521267603739611
4498,558.150939941406,0.0052113542714997
4499,558.279052734375,0.00520974020420019
4500,558.410400390625,0.00520783411456321
4501,558.546752929688,0.00520563559932328
4502,558.681762695312,0.00520314257137223
4503,558.817077636719,0.00520035046069747
4504,558.945190429688,0.00519725167605875
4505,559.081604003906,0.00519383537006539
4506,559.217956542969,0.0051900875321514
4507,559.348876953125,0.00518599141351386
4508,559.485290527344,0.00518152826600292
4510,559.626647949219,0.0051766783544174
4512,559.745483398438,0.00517142218045174
4513,559.882385253906,0.00516574183886724
4514,560.012756347656,0.00515962241458993
4515,560.145690917969,0.00515305332521653
4516,560.282104492188,0.00514602951780479
4517,560.413452148438,0.00513855244160092
4518,560.554809570312,0.00513063073800733
4519,560.68115234375,0.00512228061305222
4520,560.8125,0.0051135258827229
4521,560.94775390625,0.0051043977046022
4522,561.082092285156,0.00509493402772967
4523,561.21337890625,0.00508517880496402
4524,561.348754882812,0.0050751810180511
4525,561.482666015625,0.00506499356596366
4526,561.614562988281,0.00505467206357827
4527,561.74853515625,0.00504427359247761
4528,561.882934570312,0.00503385544058679
4529,562.014282226562,0.00502347386390714
4530,562.149658203125,0.00501318290242663
4531,562.285034179688,0.00500303328310073
4533,562.415344238281,0.00499307144458236
4534,562.54931640625,0.0049833387196184
4535,562.682678222656,0.00497387071010308
4536,562.815002441406,0.00496469688535302
4537,562.948913574219,0.00495584042552771
4538,563.082763671875,0.00494731831935296
4539,563.215148925781,0.00493914170934596
4540,563.350524902344,0.00493131646023194
4541,563.488891601562,0.004923843909286
4543,563.6162109375,0.0049167217431614
4544,563.749572753906,0.00490994493638664
4545,563.891723632812,0.00490350668359706
4546,564.016845703125,0.00489739926139403
4547,564.154235839844,0.00489161476624834
4548,564.284606933594,0.00488614569090517
4549,564.415954589844,0.00488098532133118
4550,564.553039550781,0.00487612795687671
4551,564.686401367188,0.00487156897537132
4552,564.817810058594,0.0048673047799668
4553,564.953125,0.00486333267397696
4554,565.0830078125,0.00485965071293677
4555,565.217834472656,0.00485625757981024
4556,565.354187011719,0.00485315252080003
4557,565.484558105469,0.00485033536725521
4558,565.618713378906,0.00484780665569197
4559,565.754577636719,0.00484556784477655
4560,565.885925292969,0.00484362161669979
4561,566.017700195312,0.00484197224156158
4562,566.154113769531,0.00484062597746752
4563,566.28662109375,0.00483959147584646
4564,566.419067382812,0.00483888016058621
4565,566.553405761719,0.00483850655044895
4566,566.686279296875,0.0048384884964554
4567,566.819458007812,0.0048388473092752
4568,566.953002929688,0.004839607756058
4569,567.087097167969,0.004840797911602
4570,567.220031738281,0.00484244885528428
4571,567.352844238281,0.00484459421264297
4572,567.487243652344,0.00484726954858382
4573,567.62060546875,0.00485051162736022
4575,567.7529296875,0.00485435756207385
4576,567.886840820312,0.0048588438827537
4577,568.020874023438,0.00486400555646811
4578,568.154235839844,0.00486987499499826
4579,568.289123535156,0.00487648108523804
4580,568.422973632812,0.00488384827490465
4582,568.555358886719,0.00489199574186873
4583,568.688415527344,0.00490093667017499
4584,568.822814941406,0.00491067765043588
4585,568.956176757812,0.00492121821747413
4586,569.088989257812,0.00493255053437542
4587,569.231872558594,0.00494465922967345
4588,569.356201171875,0.0049575213930392
4589,569.490051269531,0.00497110673406107
4590,569.622863769531,0.00498537790772403
4591,569.765930175781,0.00500029100819166
4592,569.889770507812,0.00501579622874015
4593,570.031616210938,0.00503183867976181
4594,570.160949707031,0.00504835934865582
4595,570.290588378906,0.00506529617568447
4596,570.423461914062,0.00508258520951169
4597,570.557434082031,0.00510016179654449
4598,570.691284179688,0.00511796175088856
4599,570.823120117188,0.00513592244807779
4600,570.963500976562,0.00515398378666692
4601,571.0908203125,0.0051720889675476
4602,571.225769042969,0.00519018505097553
4603,571.375183105469,0.00520822326464734
4605,571.491455078125,0.00522615905121361
4606,571.624328613281,0.00524395185878645
4607,571.758178710938,0.00526156469201644
4608,571.890502929688,0.00527896345341447
4609,572.024841308594,0.0052961161145893
4610,572.165222167969,0.00531299176520555
4611,572.293273925781,0.00532955959414873
4612,572.425659179688,0.00534578786288647
4613,572.569030761719,0.00536164293523693
4614,572.69287109375,0.00537708843013
4615,572.824340820312,0.00539208456351618
4616,572.96044921875,0.00540658774121153
4617,573.091796875,0.00542055045515202
4618,573.225158691406,0.00543392152066981
4619,573.369567871094,0.005446646672049
4620,573.493896484375,0.00545866950860015
4621,573.627258300781,0.00546993275545258
4622,573.758605957031,0.0054803797745591
4623,573.89599609375,0.00548995623493943
4624,574.0263671875,0.00549861183010816
4626,574.162719726562,0.00550630191798469
4627,574.298095703125,0.00551298895685796
4628,574.42724609375,0.00551864362167346
4629,574.561218261719,0.0055232455081256
4630,574.694580078125,0.00552678336625463
4631,574.831481933594,0.00552925484732973
4632,574.960754394531,0.0055306657932993
4633,575.095642089844,0.00553102914180833
4634,575.231506347656,0.00553036355652427
4635,575.361572265625,0.00552869191786438
4636,575.503540039062,0.00552603982022753
4637,575.635925292969,0.00552243421742582
4638,575.762268066406,0.00551790233908908
4639,575.895263671875,0.00551247097002449
4640,576.030639648438,0.00550616614576343
4641,576.163024902344,0.00549901327535768
4642,576.29541015625,0.00549103766142591
4643,576.435363769531,0.00548226535146371
4644,576.574462890625,0.00547272422653219
4645,576.69580078125,0.00546244521549703
4646,576.831176757812,0.00545146351570493
4647,576.975158691406,0.0054398197040204
4648,577.097534179688,0.00542756063434981
4649,577.231323242188,0.00541474003744402
4650,577.36328125,0.00540141876387298
4651,577.504760742188,0.00538766463945909
4652,577.516296386719,0.00537355193198076
4653,577.635314941406,0.00535916045649131
4654,577.771667480469,0.00534457437209282
4655,577.898010253906,0.00532988074354881
4656,578.031982421875,0.00531516795507564
4657,578.182983398438,0.00530052406986052
4659,578.304321289062,0.00528603522686399
4660,578.431640625,0.00527178415672389
4661,578.573059082031,0.00525784888248129
4662,578.699035644531,0.00524430165060691
4663,578.842041015625,0.00523120811611895
4664,578.971008300781,0.0052186267851816
4665,579.098388671875,0.00520660870173501
4666,579.237670898438,0.00519519735286967
4668,579.376037597656,0.00518442876122818
4669,579.505310058594,0.00517433173112305
4670,579.636474609375,0.00516492821701842
4671,579.768859863281,0.00515623378694072
4672,579.903686523438,0.00514825815776069
4673,580.042358398438,0.00514100578304391
4674,580.166687011719,0.00513447647678471
4675,580.304504394531,0.00512866605785126
4676,580.440795898438,0.00512356700080199
4677,580.569152832031,0.00511916907946985
4678,580.703552246094,0.00511545999086568
4679,580.833435058594,0.00511242594879524
4680,580.970275878906,0.00511005223904465
4681,581.104125976562,0.0051083237306587
4682,581.240539550781,0.00510722534006461
4683,581.254577636719,0.00510674244584788
4684,581.379211425781,0.00510686125126142
4685,581.507568359375,0.0051075690887746
4686,581.635864257812,0.00510885465637153
4687,581.770263671875,0.00511070816968556
4688,581.916137695312,0.00511312140871085
4689,582.046020507812,0.0051160876343845
4690,582.171325683594,0.00511960135041233
4691,582.304077148438,0.00512365789060603
4692,582.435546875,0.00512825282232299
4693,582.571655273438,0.00513338117206899
4694,582.715637207031,0.00513903649868823
4696,582.837890625,0.00514520986071641
4698,582.975280761719,0.00515188874470203
4700,583.105163574219,0.0051590560376653
4701,583.246032714844,0.0051666891365891
4702,583.375122070312,0.00517475928870871
4703,583.504272460938,0.00518323124706621
4704,583.647644042969,0.00519206330613875
4705,583.782043457031,0.00520120775342159
4706,583.9033203125,0.00521061173699503
4707,584.041259765625,0.00522021850977761
4708,584.176635742188,0.00522996897259534
4709,584.305847167969,0.00523980340490988
4710,584.437194824219,0.00524966324831605
4711,584.57958984375,0.0052594927971413
4712,584.70458984375,0.00526924065466399
4713,584.837951660156,0.00527886083285562
4714,584.971252441406,0.00528831340648769
4715,585.104614257812,0.00529756467550891
4716,585.237976074219,0.00530658683801653
4717,585.375366210938,0.00531535722440021
4718,585.505676269531,0.00532385718581748
4719,585.637390136719,0.00533207076231035
4720,585.776306152344,0.00533998327424303
4721,585.90478515625,0.00534757998380718
4722,586.039123535156,0.00535484496155536
4723,586.175048828125,0.00536176026854573
4724,586.310546875,0.00536830553134921
4725,586.438903808594,0.00537445794927303
4727,586.574768066406,0.00538019273514538
4728,586.706115722656,0.00538548395675586
4729,586.83935546875,0.0053903057183841
4730,586.975280761719,0.00539463360230965
4731,587.107116699219,0.00539844627904015
4732,587.238464355469,0.00540172719141715
4733,587.375732421875,0.00540446622024361
4734,587.512023925781,0.0054066612457888
4735,587.640380859375,0.00540831952868018
4736,587.775756835938,0.00540945884383404
4737,587.907104492188,0.00541010831127491
4738,588.041076660156,0.0054103088776085
4739,588.176452636719,0.00541011341177126
4740,588.306762695312,0.00540958638914028
4741,588.441162109375,0.00540880315001396
4742,588.576538085938,0.00540784873264524
4743,588.707885742188,0.00540681629781452
4744,588.841064453125,0.00540580518112378
4745,588.975463867188,0.00540491862977917
4746,589.107788085938,0.00540426130090793
4747,589.247375488281,0.00540393661624779
4748,589.376708984375,0.00540404408103881
4749,589.508605957031,0.00540467668108632
4750,589.641967773438,0.00540591846982416
4751,589.777160644531,0.005407842446268
4752,589.908203125,0.00541050880553462
4753,590.041137695312,0.00541396361768411
4754,590.177307128906,0.00541823796049875
4755,590.308776855469,0.00542334750056234
4756,590.446105957031,0.00542929248804805
4758,590.577453613281,0.00543605810720123
4759,590.709838867188,0.00544361510925755
4760,590.844177246094,0.00545192064909295
4761,590.981018066406,0.00546091925159429
4762,591.110900878906,0.0054705438474914
4763,591.244262695312,0.00548071683883348
4764,591.37646484375,0.00549135117810005
4765,591.509826660156,0.00550235146834516
4766,591.644226074219,0.00551361511119257
4767,591.777099609375,0.005525033542091
4768,591.910949707031,0.00553649359634311
4769,592.044982910156,0.00554787904474774
4770,592.189392089844,0.00555907232521058
4771,592.198364257812,0.0055699564782783
4772,592.312194824219,0.00558041727256708
4773,592.44580078125,0.00559034548278775
4774,592.580200195312,0.00559963926045198
4775,592.71044921875,0.0056082065168574
4776,592.844848632812,0.00561596722075702
4777,592.979187011719,0.00562285550033793
4778,593.113098144531,0.0056288214320926
4779,593.246215820312,0.00563383239946615
4780,593.379516601562,0.00563787391347892
4781,593.512451171875,0.00564094980714017
4782,593.645874023438,0.00564308174569074
4783,593.780944824219,0.00564430803436379
4784,593.913146972656,0.00564468175154452
4785,594.047119140625,0.00564426828353066
4786,594.184936523438,0.00564314238219459
4787,594.320678710938,0.00564138490332543
4788,594.446594238281,0.00563907940678256
4789,594.586975097656,0.0056363088070363
4790,594.713012695312,0.00563315225360565
4791,594.846923828125,0.00562968239696465
4792,594.991882324219,0.00562596316019061
4793,595.113220214844,0.00562204809468086
4794,595.247192382812,0.00561797935475342
4795,595.392578125,0.00561378728551037
4797,595.535461425781,0.00560949058451643
4799,595.648315429688,0.0056050969726657
4800,595.78564453125,0.00560060429352296
4801,595.914916992188,0.00559600195249172
4802,596.047912597656,0.00559127260549314
4803,596.184997558594,0.0055863940091693
4804,596.315368652344,0.00558134094887437
4805,596.448547363281,0.00557608716545046
4806,596.5859375,0.00557060720644158
4807,596.716247558594,0.0055648781322864
4808,596.848266601562,0.00555888101407487
4809,596.996704101562,0.00555260216780937
4812,597.116638183594,0.00554603408171893
4813,597.249877929688,0.00553917600839477
4814,597.392272949219,0.00553203421191039
4815,597.524658203125,0.00552462188041212
4816,597.649963378906,0.00551695873503415
4817,597.787292480469,0.00550907038420653
4818,597.916625976562,0.00550098748635662
4819,598.051025390625,0.00549274479196825
4820,598.190368652344,0.00548438013700444
4821,598.321716308594,0.00547593345375879
4823,598.463134765625,0.00546744585313145
4826,598.587463378906,0.00545895881577598
4827,598.718811035156,0.00545051351075722
4828,598.863220214844,0.00544215024178942
4829,598.986511230469,0.00543390800520981
4830,599.119873046875,0.00542582413258923
4832,599.253234863281,0.00541793398556939
4833,599.386596679688,0.00541027067149662
4834,599.517761230469,0.0054028647550448
4835,599.652954101562,0.00539574395173559
4836,599.786987304688,0.00538893280189389
4837,599.919311523438,0.00538245233570934
4838,600.067565917969,0.00537631974951006
4840,600.187683105469,0.0053705481185086
4841,600.320007324219,0.00536514617145479
4842,600.459533691406,0.00536011814810419
4843,600.589172363281,0.00535546375232824
4844,600.728088378906,0.0053511782037842
4845,600.861450195312,0.00534725238127124
4846,600.988525390625,0.00534367304297869
4847,601.120910644531,0.00534042310402265
4848,601.261901855469,0.0053374819504889
4849,601.393249511719,0.00533482577141197
4850,601.520446777344,0.00533242789484134
4851,601.657592773438,0.00533025912009119
4852,601.78955078125,0.00532828804406269
4853,601.920959472656,0.00532648138399678
4854,602.068115234375,0.00532480430142917
4856,602.1884765625,0.00532322073230146
4857,602.32177734375,0.00532169372649425
